requirementId,shipmentUnitId,destinationCode,requiredFlag,sourceColumn,sourceLineId,validationStatus,reasonCode
DR-LS-000001-MIR,HVDC-ADOPT-PPL-0001,MIR,true,M,LS-000001,PASS,
DR-LS-000001-AGI,HVDC-ADOPT-PPL-0001,AGI,true,N,LS-000001,PASS,
DR-LS-000002-MIR,HVDC-ADOPT-PPL-0002,MIR,true,M,LS-000002,PASS,
DR-LS-000002-AGI,HVDC-ADOPT-PPL-0002,AGI,true,N,LS-000002,PASS,
DR-LS-000003-SHU,HVDC-ADOPT-HS-0001,SHU,true,K,LS-000003,PASS,
DR-LS-000003-DAS,HVDC-ADOPT-HS-0001,DAS,true,L,LS-000003,PASS,
DR-LS-000003-MIR,HVDC-ADOPT-HS-0001,MIR,true,M,LS-000003,PASS,
DR-LS-000003-AGI,HVDC-ADOPT-HS-0001,AGI,true,N,LS-000003,PASS,
DR-LS-000004-MIR,HVDC-ADOPT-PPL-0003,MIR,true,M,LS-000004,PASS,
DR-LS-000004-AGI,HVDC-ADOPT-PPL-0003,AGI,true,N,LS-000004,PASS,
DR-LS-000005-MIR,HVDC-ADOPT-PPL-0004,MIR,true,M,LS-000005,PASS,
DR-LS-000005-AGI,HVDC-ADOPT-PPL-0004,AGI,true,N,LS-000005,PASS,
DR-LS-000006-MIR,HVDC-ADOPT-PPL-0005,MIR,true,M,LS-000006,PASS,
DR-LS-000006-AGI,HVDC-ADOPT-PPL-0005,AGI,true,N,LS-000006,PASS,
DR-LS-000007-MIR,HVDC-ADOPT-PPL-0006,MIR,true,M,LS-000007,PASS,
DR-LS-000007-AGI,HVDC-ADOPT-PPL-0006,AGI,true,N,LS-000007,PASS,
DR-LS-000008-MIR,HVDC-ADOPT-PPL-0007,MIR,true,M,LS-000008,PASS,
DR-LS-000008-AGI,HVDC-ADOPT-PPL-0007,AGI,true,N,LS-000008,PASS,
DR-LS-000009-MIR,HVDC-ADOPT-PPL-0008,MIR,true,M,LS-000009,PASS,
DR-LS-000009-AGI,HVDC-ADOPT-PPL-0008,AGI,true,N,LS-000009,PASS,
DR-LS-000011-DAS,HVDC-ADOPT-HE-0001,DAS,true,L,LS-000011,PASS,
DR-LS-000012-DAS,HVDC-ADOPT-HE-0002,DAS,true,L,LS-000012,PASS,
DR-LS-000013-DAS,HVDC-ADOPT-HE-0003,DAS,true,L,LS-000013,PASS,
DR-LS-000014-DAS,HVDC-ADOPT-HE-0004,DAS,true,L,LS-000014,PASS,
DR-LS-000015-DAS,HVDC-ADOPT-HE-0005,DAS,true,L,LS-000015,PASS,
DR-LS-000016-DAS,HVDC-ADOPT-HE-0007,DAS,true,L,LS-000016,PASS,
DR-LS-000017-DAS,HVDC-ADOPT-HE-0008,DAS,true,L,LS-000017,PASS,
DR-LS-000018-DAS,HVDC-ADOPT-HE-0009,DAS,true,L,LS-000018,PASS,
DR-LS-000019-DAS,HVDC-ADOPT-HE-0010,DAS,true,L,LS-000019,PASS,
DR-LS-000020-DAS,HVDC-ADOPT-HE-0011,DAS,true,L,LS-000020,PASS,
DR-LS-000021-DAS,HVDC-ADOPT-HE-0020,DAS,true,L,LS-000021,PASS,
DR-LS-000022-DAS,HVDC-ADOPT-HE-0012,DAS,true,L,LS-000022,PASS,
DR-LS-000023-DAS,HVDC-ADOPT-HE-0013,DAS,true,L,LS-000023,PASS,
DR-LS-000024-MIR,HVDC-ADOPT-HE-0014,MIR,true,M,LS-000024,PASS,
DR-LS-000025-MIR,HVDC-ADOPT-HE-0015,MIR,true,M,LS-000025,PASS,
DR-LS-000026-SHU,HVDC-ADOPT-HE-0016,SHU,true,K,LS-000026,PASS,
DR-LS-000027-SHU,HVDC-ADOPT-HE-0017,SHU,true,K,LS-000027,PASS,
DR-LS-000028-AGI,HVDC-ADOPT-HE-0018,AGI,true,N,LS-000028,PASS,
DR-LS-000029-AGI,HVDC-ADOPT-HE-0019,AGI,true,N,LS-000029,PASS,
DR-LS-000030-SHU,HVDC-ADOPT-HE-0021,SHU,true,K,LS-000030,PASS,
DR-LS-000031-DAS,HVDC-ADOPT-HE-0022,DAS,true,L,LS-000031,PASS,
DR-LS-000032-DAS,HVDC-ADOPT-HE-0023,DAS,true,L,LS-000032,PASS,
DR-LS-000033-SHU,HVDC-ADOPT-HE-0024,SHU,true,K,LS-000033,PASS,
DR-LS-000034-MIR,HVDC-ADOPT-HE-0025,MIR,true,M,LS-000034,PASS,
DR-LS-000035-DAS,HVDC-ADOPT-HE-0026,DAS,true,L,LS-000035,PASS,
DR-LS-000036-DAS,HVDC-ADOPT-HE-0027,DAS,true,L,LS-000036,PASS,
DR-LS-000037-DAS,HVDC-ADOPT-HE-0062,DAS,true,L,LS-000037,PASS,
DR-LS-000038-DAS,HVDC-ADOPT-HE-0063,DAS,true,L,LS-000038,PASS,
DR-LS-000039-MIR,HVDC-ADOPT-HE-0064,MIR,true,M,LS-000039,PASS,
DR-LS-000040-MIR,HVDC-ADOPT-HE-0065,MIR,true,M,LS-000040,PASS,
DR-LS-000041-SHU,HVDC-ADOPT-HE-0066,SHU,true,K,LS-000041,PASS,
DR-LS-000042-SHU,HVDC-ADOPT-HE-0067,SHU,true,K,LS-000042,PASS,
DR-LS-000043-SHU,HVDC-ADOPT-HE-0028,SHU,true,K,LS-000043,PASS,
DR-LS-000044-MIR,HVDC-ADOPT-HE-0058,MIR,true,M,LS-000044,PASS,
DR-LS-000045-MIR,HVDC-ADOPT-HE-0059,MIR,true,M,LS-000045,PASS,
DR-LS-000046-DAS,HVDC-ADOPT-HE-0060,DAS,true,L,LS-000046,PASS,
DR-LS-000047-SHU,HVDC-ADOPT-PPL-0010,SHU,true,K,LS-000047,PASS,
DR-LS-000048-SHU,HVDC-ADOPT-PPL-0011,SHU,true,K,LS-000048,PASS,
DR-LS-000051-SHU,HVDC-ADOPT-SCT-0001,SHU,true,K,LS-000051,PASS,
DR-LS-000051-MIR,HVDC-ADOPT-SCT-0001,MIR,true,M,LS-000051,PASS,
DR-LS-000052-SHU,HVDC-ADOPT-SCT-0002,SHU,true,K,LS-000052,PASS,
DR-LS-000052-DAS,HVDC-ADOPT-SCT-0002,DAS,true,L,LS-000052,PASS,
DR-LS-000053-SHU,HVDC-ADOPT-SEI-0001,SHU,true,K,LS-000053,PASS,
DR-LS-000053-DAS,HVDC-ADOPT-SEI-0001,DAS,true,L,LS-000053,PASS,
DR-LS-000054-SHU,HVDC-ADOPT-SEI-0002,SHU,true,K,LS-000054,PASS,
DR-LS-000054-DAS,HVDC-ADOPT-SEI-0002,DAS,true,L,LS-000054,PASS,
DR-LS-000055-SHU,HVDC-ADOPT-SIM-0001,SHU,true,K,LS-000055,PASS,
DR-LS-000055-DAS,HVDC-ADOPT-SIM-0001,DAS,true,L,LS-000055,PASS,
DR-LS-000055-MIR,HVDC-ADOPT-SIM-0001,MIR,true,M,LS-000055,PASS,
DR-LS-000055-AGI,HVDC-ADOPT-SIM-0001,AGI,true,N,LS-000055,PASS,
DR-LS-000056-SHU,HVDC-ADOPT-HE-0053,SHU,true,K,LS-000056,PASS,
DR-LS-000057-SHU,HVDC-ADOPT-HE-0054,SHU,true,K,LS-000057,PASS,
DR-LS-000058-SHU,HVDC-ADOPT-HE-0056,SHU,true,K,LS-000058,PASS,
DR-LS-000059-AGI,HVDC-ADOPT-HE-0029,AGI,true,N,LS-000059,PASS,
DR-LS-000060-AGI,HVDC-ADOPT-HE-0071,AGI,true,N,LS-000060,PASS,
DR-LS-000061-DAS,HVDC-ADOPT-HE-0061,DAS,true,L,LS-000061,PASS,
DR-LS-000062-DAS,HVDC-ADOPT-HE-0074,DAS,true,L,LS-000062,PASS,
DR-LS-000063-MIR,HVDC-ADOPT-HE-0072,MIR,true,M,LS-000063,PASS,
DR-LS-000064-SHU,HVDC-ADOPT-HE-0057,SHU,true,K,LS-000064,PASS,
DR-LS-000065-SHU,HVDC-ADOPT-HE-0075,SHU,true,K,LS-000065,PASS,
DR-LS-000066-SHU,HVDC-ADOPT-HE-0069,SHU,true,K,LS-000066,PASS,
DR-LS-000067-SHU,HVDC-ADOPT-HE-0070,SHU,true,K,LS-000067,PASS,
DR-LS-000068-SHU,HVDC-ADOPT-HE-0068-1,SHU,true,K,LS-000068,PASS,
DR-LS-000069-SHU,HVDC-ADOPT-HE-0080-1,SHU,true,K,LS-000069,PASS,
DR-LS-000070-SHU,HVDC-ADOPT-HE-0081,SHU,true,K,LS-000070,PASS,
DR-LS-000071-MIR,HVDC-ADOPT-HE-0073,MIR,true,M,LS-000071,PASS,
DR-LS-000072-MIR,HVDC-ADOPT-HE-0078,MIR,true,M,LS-000072,PASS,
DR-LS-000073-AGI,HVDC-ADOPT-HE-0030,AGI,true,N,LS-000073,PASS,
DR-LS-000074-AGI,HVDC-ADOPT-HE-0076,AGI,true,N,LS-000074,PASS,
DR-LS-000075-AGI,HVDC-ADOPT-HE-0077,AGI,true,N,LS-000075,PASS,
DR-LS-000076-SHU,HVDC-ADOPT-HE-0068-2,SHU,true,K,LS-000076,PASS,
DR-LS-000077-SHU,HVDC-ADOPT-HE-0080-2,SHU,true,K,LS-000077,PASS,
DR-LS-000078-AGI,HVDC-ADOPT-HE-0031,AGI,true,N,LS-000078,PASS,
DR-LS-000079-SHU,HVDC-ADOPT-HE-0055,SHU,true,K,LS-000079,PASS,
DR-LS-000080-SHU,HVDC-ADOPT-HE-0082,SHU,true,K,LS-000080,PASS,
DR-LS-000081-SHU,HVDC-ADOPT-HE-0083,SHU,true,K,LS-000081,PASS,
DR-LS-000082-SHU,HVDC-ADOPT-HE-0084-1,SHU,true,K,LS-000082,PASS,
DR-LS-000083-AGI,HVDC-ADOPT-HE-0079,AGI,true,N,LS-000083,PASS,
DR-LS-000084-AGI,HVDC-ADOPT-HE-0032,AGI,true,N,LS-000084,PASS,
DR-LS-000085-SHU,HVDC-ADOPT-HE-0084-2,SHU,true,K,LS-000085,PASS,
DR-LS-000086-AGI,HVDC-ADOPT-HE-0048,AGI,true,N,LS-000086,PASS,
DR-LS-000087-AGI,HVDC-ADOPT-HE-0050,AGI,true,N,LS-000087,PASS,
DR-LS-000088-AGI,HVDC-ADOPT-HE-0051,AGI,true,N,LS-000088,PASS,
DR-LS-000089-AGI,HVDC-ADOPT-HE-0049,AGI,true,N,LS-000089,PASS,
DR-LS-000090-AGI,HVDC-ADOPT-HE-0052,AGI,true,N,LS-000090,PASS,
DR-LS-000091-MIR,HVDC-ADOPT-HE-0044,MIR,true,M,LS-000091,PASS,
DR-LS-000092-MIR,HVDC-ADOPT-HE-0047,MIR,true,M,LS-000092,PASS,
DR-LS-000093-MIR,HVDC-ADOPT-HE-0046,MIR,true,M,LS-000093,PASS,
DR-LS-000094-MIR,HVDC-ADOPT-HE-0043,MIR,true,M,LS-000094,PASS,
DR-LS-000095-MIR,HVDC-ADOPT-HE-0045,MIR,true,M,LS-000095,PASS,
DR-LS-000096-SHU,HVDC-ADOPT-HE-0039,SHU,true,K,LS-000096,PASS,
DR-LS-000097-SHU,HVDC-ADOPT-HE-0042,SHU,true,K,LS-000097,PASS,
DR-LS-000098-SHU,HVDC-ADOPT-HE-0038,SHU,true,K,LS-000098,PASS,
DR-LS-000099-SHU,HVDC-ADOPT-HE-0040,SHU,true,K,LS-000099,PASS,
DR-LS-000100-SHU,HVDC-ADOPT-HE-0041,SHU,true,K,LS-000100,PASS,
DR-LS-000101-DAS,HVDC-ADOPT-HE-0034,DAS,true,L,LS-000101,PASS,
DR-LS-000102-DAS,HVDC-ADOPT-HE-0037,DAS,true,L,LS-000102,PASS,
DR-LS-000103-DAS,HVDC-ADOPT-HE-0033,DAS,true,L,LS-000103,PASS,
DR-LS-000104-DAS,HVDC-ADOPT-HE-0035,DAS,true,L,LS-000104,PASS,
DR-LS-000105-DAS,HVDC-ADOPT-HE-0036,DAS,true,L,LS-000105,PASS,
DR-LS-000106-MIR,HVDC-ADOPT-HE-0085,MIR,true,M,LS-000106,PASS,
DR-LS-000107-DAS,HVDC-ADOPT-HE-0088,DAS,true,L,LS-000107,PASS,
DR-LS-000108-DAS,HVDC-ADOPT-HE-0089,DAS,true,L,LS-000108,PASS,
DR-LS-000109-DAS,HVDC-ADOPT-HE-0087,DAS,true,L,LS-000109,PASS,
DR-LS-000110-AGI,HVDC-ADOPT-HE-0090,AGI,true,N,LS-000110,PASS,
DR-LS-000111-DAS,HVDC-ADOPT-HE-0091,DAS,true,L,LS-000111,PASS,
DR-LS-000112-AGI,HVDC-ADOPT-HE-0092,AGI,true,N,LS-000112,PASS,
DR-LS-000113-AGI,HVDC-ADOPT-HE-0103,AGI,true,N,LS-000113,PASS,
DR-LS-000114-AGI,HVDC-ADOPT-HE-0104,AGI,true,N,LS-000114,PASS,
DR-LS-000115-AGI,HVDC-ADOPT-HE-0105,AGI,true,N,LS-000115,PASS,
DR-LS-000116-MIR,HVDC-ADOPT-HE-0106,MIR,true,M,LS-000116,PASS,
DR-LS-000117-MIR,HVDC-ADOPT-HE-0107,MIR,true,M,LS-000117,PASS,
DR-LS-000118-AGI,HVDC-ADOPT-HE-0101,AGI,true,N,LS-000118,PASS,
DR-LS-000119-SHU,HVDC-ADOPT-HE-0102,SHU,true,K,LS-000119,PASS,
DR-LS-000119-DAS,HVDC-ADOPT-HE-0102,DAS,true,L,LS-000119,PASS,
DR-LS-000119-MIR,HVDC-ADOPT-HE-0102,MIR,true,M,LS-000119,PASS,
DR-LS-000119-AGI,HVDC-ADOPT-HE-0102,AGI,true,N,LS-000119,PASS,
DR-LS-000120-SHU,HVDC-ADOPT-HE-0108,SHU,true,K,LS-000120,PASS,
DR-LS-000120-DAS,HVDC-ADOPT-HE-0108,DAS,true,L,LS-000120,PASS,
DR-LS-000120-MIR,HVDC-ADOPT-HE-0108,MIR,true,M,LS-000120,PASS,
DR-LS-000120-AGI,HVDC-ADOPT-HE-0108,AGI,true,N,LS-000120,PASS,
DR-LS-000121-SHU,HVDC-ADOPT-HE-0109,SHU,true,K,LS-000121,PASS,
DR-LS-000121-DAS,HVDC-ADOPT-HE-0109,DAS,true,L,LS-000121,PASS,
DR-LS-000121-MIR,HVDC-ADOPT-HE-0109,MIR,true,M,LS-000121,PASS,
DR-LS-000121-AGI,HVDC-ADOPT-HE-0109,AGI,true,N,LS-000121,PASS,
DR-LS-000123-MIR,HVDC-ADOPT-HE-0110,MIR,true,M,LS-000123,PASS,
DR-LS-000124-SHU,HVDC-ADOPT-HE-0116,SHU,true,K,LS-000124,PASS,
DR-LS-000125-DAS,HVDC-ADOPT-HE-0093,DAS,true,L,LS-000125,PASS,
DR-LS-000125-AGI,HVDC-ADOPT-HE-0093,AGI,true,N,LS-000125,PASS,
DR-LS-000126-DAS,HVDC-ADOPT-HE-0094,DAS,true,L,LS-000126,PASS,
DR-LS-000126-AGI,HVDC-ADOPT-HE-0094,AGI,true,N,LS-000126,PASS,
DR-LS-000127-SHU,HVDC-ADOPT-HE-0095,SHU,true,K,LS-000127,PASS,
DR-LS-000128-SHU,HVDC-ADOPT-HE-0096,SHU,true,K,LS-000128,PASS,
DR-LS-000129-MIR,HVDC-ADOPT-HE-0097,MIR,true,M,LS-000129,PASS,
DR-LS-000130-MIR,HVDC-ADOPT-HE-0098,MIR,true,M,LS-000130,PASS,
DR-LS-000131-MIR,HVDC-ADOPT-HE-0115,MIR,true,M,LS-000131,PASS,
DR-LS-000132-SHU,HVDC-ADOPT-HE-0117,SHU,true,K,LS-000132,PASS,
DR-LS-000133-MIR,HVDC-ADOPT-HE-0120,MIR,true,M,LS-000133,PASS,
DR-LS-000134-MIR,HVDC-ADOPT-HE-0121,MIR,true,M,LS-000134,PASS,
DR-LS-000135-SHU,HVDC-ADOPT-HE-0123,SHU,true,K,LS-000135,PASS,
DR-LS-000136-SHU,HVDC-ADOPT-HE-0122,SHU,true,K,LS-000136,PASS,
DR-LS-000137-SHU,HVDC-ADOPT-HE-0124,SHU,true,K,LS-000137,PASS,
DR-LS-000138-SHU,HVDC-ADOPT-HE-0099,SHU,true,K,LS-000138,PASS,
DR-LS-000139-SHU,HVDC-ADOPT-HE-0100,SHU,true,K,LS-000139,PASS,
DR-LS-000140-DAS,HVDC-ADOPT-HE-0114,DAS,true,L,LS-000140,PASS,
DR-LS-000140-AGI,HVDC-ADOPT-HE-0114,AGI,true,N,LS-000140,PASS,
DR-LS-000141-DAS,HVDC-ADOPT-HE-0118,DAS,true,L,LS-000141,PASS,
DR-LS-000141-AGI,HVDC-ADOPT-HE-0118,AGI,true,N,LS-000141,PASS,
DR-LS-000142-DAS,HVDC-ADOPT-HE-0119,DAS,true,L,LS-000142,PASS,
DR-LS-000142-AGI,HVDC-ADOPT-HE-0119,AGI,true,N,LS-000142,PASS,
DR-LS-000143-MIR,HVDC-ADOPT-HE-0111,MIR,true,M,LS-000143,PASS,
DR-LS-000144-MIR,HVDC-ADOPT-HE-0112,MIR,true,M,LS-000144,PASS,
DR-LS-000145-SHU,HVDC-ADOPT-HE-0125,SHU,true,K,LS-000145,PASS,
DR-LS-000146-SHU,HVDC-ADOPT-HE-0126,SHU,true,K,LS-000146,PASS,
DR-LS-000147-SHU,HVDC-ADOPT-SIM-0002,SHU,true,K,LS-000147,PASS,
DR-LS-000147-MIR,HVDC-ADOPT-SIM-0002,MIR,true,M,LS-000147,PASS,
DR-LS-000148-MIR,HVDC-ADOPT-HE-0113,MIR,true,M,LS-000148,PASS,
DR-LS-000149-MIR,HVDC-ADOPT-HE-0145,MIR,true,M,LS-000149,PASS,
DR-LS-000150-MIR,HVDC-ADOPT-HE-0142,MIR,true,M,LS-000150,PASS,
DR-LS-000151-MIR,HVDC-ADOPT-HE-0146,MIR,true,M,LS-000151,PASS,
DR-LS-000152-DAS,HVDC-ADOPT-SEI-0003,DAS,true,L,LS-000152,PASS,
DR-LS-000153-DAS,HVDC-ADOPT-HE-0128,DAS,true,L,LS-000153,PASS,
DR-LS-000154-DAS,HVDC-ADOPT-HE-0127-1,DAS,true,L,LS-000154,PASS,
DR-LS-000155-MIR,HVDC-ADOPT-HE-0153-1,MIR,true,M,LS-000155,PASS,
DR-LS-000156-MIR,HVDC-ADOPT-HE-0154-1,MIR,true,M,LS-000156,PASS,
DR-LS-000157-MIR,HVDC-ADOPT-HE-0155,MIR,true,M,LS-000157,PASS,
DR-LS-000158-MIR,HVDC-ADOPT-HE-0156,MIR,true,M,LS-000158,PASS,
DR-LS-000159-MIR,HVDC-ADOPT-HE-0157,MIR,true,M,LS-000159,PASS,
DR-LS-000160-DAS,HVDC-ADOPT-HE-0158,DAS,true,L,LS-000160,PASS,
DR-LS-000161-DAS,HVDC-ADOPT-HE-0159,DAS,true,L,LS-000161,PASS,
DR-LS-000162-MIR,HVDC-ADOPT-HE-0153-2,MIR,true,M,LS-000162,PASS,
DR-LS-000163-MIR,HVDC-ADOPT-HE-0154-2,MIR,true,M,LS-000163,PASS,
DR-LS-000164-DAS,HVDC-ADOPT-HE-0127-2,DAS,true,L,LS-000164,PASS,
DR-LS-000165-SHU,HVDC-ADOPT-SCT-0003,SHU,true,K,LS-000165,PASS,
DR-LS-000165-DAS,HVDC-ADOPT-SCT-0003,DAS,true,L,LS-000165,PASS,
DR-LS-000165-MIR,HVDC-ADOPT-SCT-0003,MIR,true,M,LS-000165,PASS,
DR-LS-000165-AGI,HVDC-ADOPT-SCT-0003,AGI,true,N,LS-000165,PASS,
DR-LS-000166-SHU,HVDC-ADOPT-HE-0143,SHU,true,K,LS-000166,PASS,
DR-LS-000167-SHU,HVDC-ADOPT-HE-0144,SHU,true,K,LS-000167,PASS,
DR-LS-000168-SHU,HVDC-ADOPT-SCT-0004,SHU,true,K,LS-000168,PASS,
DR-LS-000168-AGI,HVDC-ADOPT-SCT-0004,AGI,true,N,LS-000168,PASS,
DR-LS-000169-DAS,HVDC-ADOPT-SCT-0005,DAS,true,L,LS-000169,PASS,
DR-LS-000169-AGI,HVDC-ADOPT-SCT-0005,AGI,true,N,LS-000169,PASS,
DR-LS-000170-AGI,HVDC-ADOPT-HE-0160,AGI,true,N,LS-000170,PASS,
DR-LS-000171-AGI,HVDC-ADOPT-HE-0162,AGI,true,N,LS-000171,PASS,
DR-LS-000172-AGI,HVDC-ADOPT-HE-0163,AGI,true,N,LS-000172,PASS,
DR-LS-000173-DAS,HVDC-ADOPT-SEI-0005,DAS,true,L,LS-000173,PASS,
DR-LS-000174-SHU,HVDC-ADOPT-HE-0135,SHU,true,K,LS-000174,PASS,
DR-LS-000175-SHU,HVDC-ADOPT-HE-0134,SHU,true,K,LS-000175,PASS,
DR-LS-000176-DAS,HVDC-ADOPT-HE-0138,DAS,true,L,LS-000176,PASS,
DR-LS-000176-AGI,HVDC-ADOPT-HE-0138,AGI,true,N,LS-000176,PASS,
DR-LS-000177-DAS,HVDC-ADOPT-HE-0139,DAS,true,L,LS-000177,PASS,
DR-LS-000177-AGI,HVDC-ADOPT-HE-0139,AGI,true,N,LS-000177,PASS,
DR-LS-000178-MIR,HVDC-ADOPT-HE-0136,MIR,true,M,LS-000178,PASS,
DR-LS-000179-MIR,HVDC-ADOPT-HE-0137,MIR,true,M,LS-000179,PASS,
DR-LS-000180-MIR,HVDC-ADOPT-SCT-0007,MIR,true,M,LS-000180,PASS,
DR-LS-000180-AGI,HVDC-ADOPT-SCT-0007,AGI,true,N,LS-000180,PASS,
DR-LS-000181-MIR,HVDC-ADOPT-SCT-0008,MIR,true,M,LS-000181,PASS,
DR-LS-000181-AGI,HVDC-ADOPT-SCT-0008,AGI,true,N,LS-000181,PASS,
DR-LS-000184-MIR,HVDC-ADOPT-HE-0161,MIR,true,M,LS-000184,PASS,
DR-LS-000185-SHU,HVDC-ADOPT-HE-0130,SHU,true,K,LS-000185,PASS,
DR-LS-000186-SHU,HVDC-ADOPT-HE-0131,SHU,true,K,LS-000186,PASS,
DR-LS-000187-DAS,HVDC-ADOPT-HE-0132,DAS,true,L,LS-000187,PASS,
DR-LS-000188-DAS,HVDC-ADOPT-HE-0133,DAS,true,L,LS-000188,PASS,
DR-LS-000189-SHU,HVDC-ADOPT-SCT-0006,SHU,true,K,LS-000189,PASS,
DR-LS-000189-MIR,HVDC-ADOPT-SCT-0006,MIR,true,M,LS-000189,PASS,
DR-LS-000191-MIR,HVDC-ADOPT-HE-0151,MIR,true,M,LS-000191,PASS,
DR-LS-000192-MIR,HVDC-ADOPT-HE-0149,MIR,true,M,LS-000192,PASS,
DR-LS-000193-MIR,HVDC-ADOPT-HE-0150,MIR,true,M,LS-000193,PASS,
DR-LS-000194-MIR,HVDC-ADOPT-HE-0152,MIR,true,M,LS-000194,PASS,
DR-LS-000195-DAS,HVDC-ADOPT-HE-0148,DAS,true,L,LS-000195,PASS,
DR-LS-000195-AGI,HVDC-ADOPT-HE-0148,AGI,true,N,LS-000195,PASS,
DR-LS-000196-DAS,HVDC-ADOPT-HE-0147,DAS,true,L,LS-000196,PASS,
DR-LS-000196-AGI,HVDC-ADOPT-HE-0147,AGI,true,N,LS-000196,PASS,
DR-LS-000197-AGI,HVDC-ADOPT-HE-0141,AGI,true,N,LS-000197,PASS,
DR-LS-000198-AGI,HVDC-ADOPT-HE-0140,AGI,true,N,LS-000198,PASS,
DR-LS-000199-SHU,HVDC-ADOPT-HE-0164,SHU,true,K,LS-000199,PASS,
DR-LS-000200-SHU,HVDC-ADOPT-HE-0168,SHU,true,K,LS-000200,PASS,
DR-LS-000201-SHU,HVDC-ADOPT-HE-0172,SHU,true,K,LS-000201,PASS,
DR-LS-000202-SHU,HVDC-ADOPT-HE-0167,SHU,true,K,LS-000202,PASS,
DR-LS-000203-SHU,HVDC-ADOPT-HE-0170,SHU,true,K,LS-000203,PASS,
DR-LS-000204-SHU,HVDC-ADOPT-HE-0165,SHU,true,K,LS-000204,PASS,
DR-LS-000205-SHU,HVDC-ADOPT-HE-0169,SHU,true,K,LS-000205,PASS,
DR-LS-000206-SHU,HVDC-ADOPT-HE-0166,SHU,true,K,LS-000206,PASS,
DR-LS-000207-SHU,HVDC-ADOPT-HE-0171,SHU,true,K,LS-000207,PASS,
DR-LS-000208-AGI,HVDC-ADOPT-HE-0174,AGI,true,N,LS-000208,PASS,
DR-LS-000209-AGI,HVDC-ADOPT-HE-0173,AGI,true,N,LS-000209,PASS,
DR-LS-000210-AGI,HVDC-ADOPT-HE-0179-A,AGI,true,N,LS-000210,PASS,
DR-LS-000211-AGI,HVDC-ADOPT-HE-0179-B,AGI,true,N,LS-000211,PASS,
DR-LS-000212-DAS,HVDC-ADOPT-SCT-0009,DAS,true,L,LS-000212,PASS,
DR-LS-000213-DAS,HVDC-ADOPT-SIM-0005-1,DAS,true,L,LS-000213,PASS,
DR-LS-000214-SHU,HVDC-ADOPT-SCT-0010,SHU,true,K,LS-000214,PASS,
DR-LS-000214-DAS,HVDC-ADOPT-SCT-0010,DAS,true,L,LS-000214,PASS,
DR-LS-000214-AGI,HVDC-ADOPT-SCT-0010,AGI,true,N,LS-000214,PASS,
DR-LS-000215-DAS,HVDC-ADOPT-SIM-0006,DAS,true,L,LS-000215,PASS,
DR-LS-000216-DAS,HVDC-ADOPT-SIM-0005-2A,DAS,true,L,LS-000216,PASS,
DR-LS-000217-DAS,HVDC-ADOPT-SIM-0005-2B,DAS,true,L,LS-000217,PASS,
DR-LS-000218-DAS,HVDC-ADOPT-HE-0178,DAS,true,L,LS-000218,PASS,
DR-LS-000219-AGI,HVDC-ADOPT-HE-0176,AGI,true,N,LS-000219,PASS,
DR-LS-000220-AGI,HVDC-ADOPT-HE-0177,AGI,true,N,LS-000220,PASS,
DR-LS-000221-AGI,HVDC-ADOPT-HE-0175,AGI,true,N,LS-000221,PASS,
DR-LS-000222-DAS,HVDC-ADOPT-HE-0129,DAS,true,L,LS-000222,PASS,
DR-LS-000222-AGI,HVDC-ADOPT-HE-0129,AGI,true,N,LS-000222,PASS,
DR-LS-000223-DAS,HVDC-ADOPT-HE-0181,DAS,true,L,LS-000223,PASS,
DR-LS-000224-DAS,HVDC-ADOPT-HE-0180,DAS,true,L,LS-000224,PASS,
DR-LS-000224-AGI,HVDC-ADOPT-HE-0180,AGI,true,N,LS-000224,PASS,
DR-LS-000225-SHU,HVDC-ADOPT-SIM-0009-1A,SHU,true,K,LS-000225,PASS,
DR-LS-000226-SHU,HVDC-ADOPT-SIM-0009-1B,SHU,true,K,LS-000226,PASS,
DR-LS-000227-SHU,HVDC-ADOPT-SCT-0013,SHU,true,K,LS-000227,PASS,
DR-LS-000227-MIR,HVDC-ADOPT-SCT-0013,MIR,true,M,LS-000227,PASS,
DR-LS-000228-AGI,HVDC-ADOPT-HE-0182,AGI,true,N,LS-000228,PASS,
DR-LS-000229-SHU,HVDC-ADOPT-SCT-0014,SHU,true,K,LS-000229,PASS,
DR-LS-000229-MIR,HVDC-ADOPT-SCT-0014,MIR,true,M,LS-000229,PASS,
DR-LS-000229-AGI,HVDC-ADOPT-SCT-0014,AGI,true,N,LS-000229,PASS,
DR-LS-000230-SHU,HVDC-ADOPT-SIM-0009-2A,SHU,true,K,LS-000230,PASS,
DR-LS-000231-SHU,HVDC-ADOPT-SIM-0009-2B,SHU,true,K,LS-000231,PASS,
DR-LS-000232-SHU,HVDC-ADOPT-SIM-0010,SHU,true,K,LS-000232,PASS,
DR-LS-000233-MIR,HVDC-ADOPT-SIM-0016,MIR,true,M,LS-000233,PASS,
DR-LS-000234-SHU,HVDC-ADOPT-HE-0183,SHU,true,K,LS-000234,PASS,
DR-LS-000234-MIR,HVDC-ADOPT-HE-0183,MIR,true,M,LS-000234,PASS,
DR-LS-000234-AGI,HVDC-ADOPT-HE-0183,AGI,true,N,LS-000234,PASS,
DR-LS-000235-SHU,HVDC-ADOPT-HE-0184,SHU,true,K,LS-000235,PASS,
DR-LS-000235-DAS,HVDC-ADOPT-HE-0184,DAS,true,L,LS-000235,PASS,
DR-LS-000235-MIR,HVDC-ADOPT-HE-0184,MIR,true,M,LS-000235,PASS,
DR-LS-000236-SHU,HVDC-ADOPT-SIM-0017-A,SHU,true,K,LS-000236,PASS,
DR-LS-000237-SHU,HVDC-ADOPT-SIM-0017-B,SHU,true,K,LS-000237,PASS,
DR-LS-000243-DAS,HVDC-ADOPT-HE-0187,DAS,true,L,LS-000243,PASS,
DR-LS-000244-SHU,HVDC-ADOPT-HE-0185,SHU,true,K,LS-000244,PASS,
DR-LS-000245-MIR,HVDC-ADOPT-SCT-0016,MIR,true,M,LS-000245,PASS,
DR-LS-000245-AGI,HVDC-ADOPT-SCT-0016,AGI,true,N,LS-000245,PASS,
DR-LS-000246-MIR,HVDC-ADOPT-HE-0188,MIR,true,M,LS-000246,PASS,
DR-LS-000247-MIR,HVDC-ADOPT-HE-0190,MIR,true,M,LS-000247,PASS,
DR-LS-000248-MIR,HVDC-ADOPT-HE-0191,MIR,true,M,LS-000248,PASS,
DR-LS-000249-DAS,HVDC-ADOPT-HE-0193,DAS,true,L,LS-000249,PASS,
DR-LS-000249-AGI,HVDC-ADOPT-HE-0193,AGI,true,N,LS-000249,PASS,
DR-LS-000250-SHU,HVDC-ADOPT-HE-0197,SHU,true,K,LS-000250,PASS,
DR-LS-000251-MIR,HVDC-ADOPT-HE-0189,MIR,true,M,LS-000251,PASS,
DR-LS-000252-DAS,HVDC-ADOPT-HE-0192,DAS,true,L,LS-000252,PASS,
DR-LS-000252-AGI,HVDC-ADOPT-HE-0192,AGI,true,N,LS-000252,PASS,
DR-LS-000253-SHU,HVDC-ADOPT-HE-0195,SHU,true,K,LS-000253,PASS,
DR-LS-000254-SHU,HVDC-ADOPT-HE-0194,SHU,true,K,LS-000254,PASS,
DR-LS-000255-SHU,HVDC-ADOPT-HE-0196,SHU,true,K,LS-000255,PASS,
DR-LS-000257-SHU,HVDC-ADOPT-SIM-0014-A,SHU,true,K,LS-000257,PASS,
DR-LS-000258-MIR,HVDC-ADOPT-SIM-0014-B,MIR,true,M,LS-000258,PASS,
DR-LS-000259-MIR,HVDC-ADOPT-SIM-0012-A,MIR,true,M,LS-000259,PASS,
DR-LS-000260-MIR,HVDC-ADOPT-SIM-0012-B,MIR,true,M,LS-000260,PASS,
DR-LS-000261-MIR,HVDC-ADOPT-SIM-0012-C,MIR,true,M,LS-000261,PASS,
DR-LS-000262-MIR,HVDC-ADOPT-SIM-0015,MIR,true,M,LS-000262,PASS,
DR-LS-000263-SHU,HVDC-ADOPT-HE-0198,SHU,true,K,LS-000263,PASS,
DR-LS-000264-SHU,HVDC-ADOPT-HE-0199,SHU,true,K,LS-000264,PASS,
DR-LS-000265-DAS,HVDC-ADOPT-HE-0200,DAS,true,L,LS-000265,PASS,
DR-LS-000266-DAS,HVDC-ADOPT-HE-0201,DAS,true,L,LS-000266,PASS,
DR-LS-000267-DAS,HVDC-ADOPT-SCT-0017,DAS,true,L,LS-000267,PASS,
DR-LS-000267-MIR,HVDC-ADOPT-SCT-0017,MIR,true,M,LS-000267,PASS,
DR-LS-000267-AGI,HVDC-ADOPT-SCT-0017,AGI,true,N,LS-000267,PASS,
DR-LS-000268-MIR,HVDC-ADOPT-HE-0207,MIR,true,M,LS-000268,PASS,
DR-LS-000269-MIR,HVDC-ADOPT-HE-0211,MIR,true,M,LS-000269,PASS,
DR-LS-000270-DAS,HVDC-ADOPT-HE-0206,DAS,true,L,LS-000270,PASS,
DR-LS-000270-AGI,HVDC-ADOPT-HE-0206,AGI,true,N,LS-000270,PASS,
DR-LS-000271-DAS,HVDC-ADOPT-HE-0209,DAS,true,L,LS-000271,PASS,
DR-LS-000272-AGI,HVDC-ADOPT-HE-0210,AGI,true,N,LS-000272,PASS,
DR-LS-000273-AGI,HVDC-ADOPT-HE-0212,AGI,true,N,LS-000273,PASS,
DR-LS-000274-MIR,HVDC-ADOPT-SIM-0013,MIR,true,M,LS-000274,PASS,
DR-LS-000275-SHU,HVDC-ADOPT-HE-0186,SHU,true,K,LS-000275,PASS,
DR-LS-000276-DAS,HVDC-ADOPT-HE-0202,DAS,true,L,LS-000276,PASS,
DR-LS-000277-MIR,HVDC-ADOPT-HE-0203,MIR,true,M,LS-000277,PASS,
DR-LS-000278-AGI,HVDC-ADOPT-HE-0204,AGI,true,N,LS-000278,PASS,
DR-LS-000279-DAS,HVDC-ADOPT-SIM-0024,DAS,true,L,LS-000279,PASS,
DR-LS-000280-AGI,HVDC-ADOPT-HE-0205,AGI,true,N,LS-000280,PASS,
DR-LS-000281-MIR,HVDC-ADOPT-HE-0213,MIR,true,M,LS-000281,PASS,
DR-LS-000282-SHU,HVDC-ADOPT-SCT-0018,SHU,true,K,LS-000282,PASS,
DR-LS-000282-DAS,HVDC-ADOPT-SCT-0018,DAS,true,L,LS-000282,PASS,
DR-LS-000282-MIR,HVDC-ADOPT-SCT-0018,MIR,true,M,LS-000282,PASS,
DR-LS-000282-AGI,HVDC-ADOPT-SCT-0018,AGI,true,N,LS-000282,PASS,
DR-LS-000283-MIR,HVDC-ADOPT-SCT-0015,MIR,true,M,LS-000283,PASS,
DR-LS-000287-SHU,HVDC-ADOPT-SCT-0021,SHU,true,K,LS-000287,PASS,
DR-LS-000287-DAS,HVDC-ADOPT-SCT-0021,DAS,true,L,LS-000287,PASS,
DR-LS-000287-MIR,HVDC-ADOPT-SCT-0021,MIR,true,M,LS-000287,PASS,
DR-LS-000287-AGI,HVDC-ADOPT-SCT-0021,AGI,true,N,LS-000287,PASS,
DR-LS-000288-MIR,HVDC-ADOPT-SCT-0019,MIR,true,M,LS-000288,PASS,
DR-LS-000288-AGI,HVDC-ADOPT-SCT-0019,AGI,true,N,LS-000288,PASS,
DR-LS-000289-MIR,HVDC-ADOPT-SCT-0020,MIR,true,M,LS-000289,PASS,
DR-LS-000290-DAS,HVDC-ADOPT-SCT-0027,DAS,true,L,LS-000290,PASS,
DR-LS-000290-MIR,HVDC-ADOPT-SCT-0027,MIR,true,M,LS-000290,PASS,
DR-LS-000292-SHU,HVDC-ADOPT-SEI-0015,SHU,true,K,LS-000292,PASS,
DR-LS-000292-DAS,HVDC-ADOPT-SEI-0015,DAS,true,L,LS-000292,PASS,
DR-LS-000293-MIR,HVDC-ADOPT-SIM-0021,MIR,true,M,LS-000293,PASS,
DR-LS-000294-DAS,HVDC-ADOPT-SIM-0025,DAS,true,L,LS-000294,PASS,
DR-LS-000295-SHU,HVDC-ADOPT-SIM-0018,SHU,true,K,LS-000295,PASS,
DR-LS-000295-DAS,HVDC-ADOPT-SIM-0018,DAS,true,L,LS-000295,PASS,
DR-LS-000295-MIR,HVDC-ADOPT-SIM-0018,MIR,true,M,LS-000295,PASS,
DR-LS-000295-AGI,HVDC-ADOPT-SIM-0018,AGI,true,N,LS-000295,PASS,
DR-LS-000296-SHU,HVDC-ADOPT-SIM-0030,SHU,true,K,LS-000296,PASS,
DR-LS-000297-SHU,HVDC-ADOPT-HE-0214,SHU,true,K,LS-000297,PASS,
DR-LS-000298-MIR,HVDC-ADOPT-SIM-0019-A,MIR,true,M,LS-000298,PASS,
DR-LS-000299-MIR,HVDC-ADOPT-SIM-0019-B,MIR,true,M,LS-000299,PASS,
DR-LS-000300-MIR,HVDC-ADOPT-SIM-0019-C,MIR,true,M,LS-000300,PASS,
DR-LS-000301-MIR,HVDC-ADOPT-SIM-0019-D,MIR,true,M,LS-000301,PASS,
DR-LS-000303-SHU,HVDC-ADOPT-SIM-0020,SHU,true,K,LS-000303,PASS,
DR-LS-000304-SHU,HVDC-ADOPT-SIM-0028-A,SHU,true,K,LS-000304,PASS,
DR-LS-000305-SHU,HVDC-ADOPT-SIM-0028-B,SHU,true,K,LS-000305,PASS,
DR-LS-000306-MIR,HVDC-ADOPT-SCT-0033,MIR,true,M,LS-000306,PASS,
DR-LS-000307-MIR,HVDC-ADOPT-SIM-0032,MIR,true,M,LS-000307,PASS,
DR-LS-000308-MIR,HVDC-ADOPT-SIM-0033,MIR,true,M,LS-000308,PASS,
DR-LS-000309-SHU,HVDC-ADOPT-HE-0244,SHU,true,K,LS-000309,PASS,
DR-LS-000310-DAS,HVDC-ADOPT-HE-0237,DAS,true,L,LS-000310,PASS,
DR-LS-000312-SHU,HVDC-ADOPT-SIM-0039,SHU,true,K,LS-000312,PASS,
DR-LS-000313-SHU,HVDC-ADOPT-HE-0208,SHU,true,K,LS-000313,PASS,
DR-LS-000314-SHU,HVDC-ADOPT-HE-0208,SHU,true,K,LS-000314,PASS,
DR-LS-000315-DAS,HVDC-ADOPT-HE-0251,DAS,true,L,LS-000315,PASS,
DR-LS-000316-SHU,HVDC-ADOPT-HE-0252,SHU,true,K,LS-000316,PASS,
DR-LS-000317-SHU,HVDC-ADOPT-HE-0223,SHU,true,K,LS-000317,PASS,
DR-LS-000318-MIR,HVDC-ADOPT-SIM-0038,MIR,true,M,LS-000318,PASS,
DR-LS-000319-DAS,HVDC-ADOPT-SCT-0022,DAS,true,L,LS-000319,PASS,
DR-LS-000319-MIR,HVDC-ADOPT-SCT-0022,MIR,true,M,LS-000319,PASS,
DR-LS-000320-AGI,HVDC-ADOPT-HE-0215,AGI,true,N,LS-000320,PASS,
DR-LS-000321-MIR,HVDC-ADOPT-HE-0232,MIR,true,M,LS-000321,PASS,
DR-LS-000322-SHU,HVDC-ADOPT-SEI-0014,SHU,true,K,LS-000322,PASS,
DR-LS-000322-DAS,HVDC-ADOPT-SEI-0014,DAS,true,L,LS-000322,PASS,
DR-LS-000324-SHU,HVDC-ADOPT-SCT-0025,SHU,true,K,LS-000324,PASS,
DR-LS-000324-DAS,HVDC-ADOPT-SCT-0025,DAS,true,L,LS-000324,PASS,
DR-LS-000324-MIR,HVDC-ADOPT-SCT-0025,MIR,true,M,LS-000324,PASS,
DR-LS-000324-AGI,HVDC-ADOPT-SCT-0025,AGI,true,N,LS-000324,PASS,
DR-LS-000325-SHU,HVDC-ADOPT-SCT-0023,SHU,true,K,LS-000325,PASS,
DR-LS-000325-MIR,HVDC-ADOPT-SCT-0023,MIR,true,M,LS-000325,PASS,
DR-LS-000328-DAS,HVDC-ADOPT-SCT-0011,DAS,true,L,LS-000328,PASS,
DR-LS-000329-SHU,HVDC-ADOPT-SCT-0012,SHU,true,K,LS-000329,PASS,
DR-LS-000330-SHU,HVDC-ADOPT-SCT-0024,SHU,true,K,LS-000330,PASS,
DR-LS-000330-DAS,HVDC-ADOPT-SCT-0024,DAS,true,L,LS-000330,PASS,
DR-LS-000330-MIR,HVDC-ADOPT-SCT-0024,MIR,true,M,LS-000330,PASS,
DR-LS-000330-AGI,HVDC-ADOPT-SCT-0024,AGI,true,N,LS-000330,PASS,
DR-LS-000331-SHU,HVDC-ADOPT-SCT-0026,SHU,true,K,LS-000331,PASS,
DR-LS-000331-DAS,HVDC-ADOPT-SCT-0026,DAS,true,L,LS-000331,PASS,
DR-LS-000331-MIR,HVDC-ADOPT-SCT-0026,MIR,true,M,LS-000331,PASS,
DR-LS-000331-AGI,HVDC-ADOPT-SCT-0026,AGI,true,N,LS-000331,PASS,
DR-LS-000332-SHU,HVDC-ADOPT-SCT-0040,SHU,true,K,LS-000332,PASS,
DR-LS-000332-DAS,HVDC-ADOPT-SCT-0040,DAS,true,L,LS-000332,PASS,
DR-LS-000333-SHU,HVDC-ADOPT-SCT-0041,SHU,true,K,LS-000333,PASS,
DR-LS-000333-DAS,HVDC-ADOPT-SCT-0041,DAS,true,L,LS-000333,PASS,
DR-LS-000334-MIR,HVDC-ADOPT-HE-0234,MIR,true,M,LS-000334,PASS,
DR-LS-000335-SHU,HVDC-ADOPT-SIM-0027,SHU,true,K,LS-000335,PASS,
DR-LS-000336-SHU,HVDC-ADOPT-HE-0264,SHU,true,K,LS-000336,PASS,
DR-LS-000339-SHU,HVDC-ADOPT-SCT-0030,SHU,true,K,LS-000339,PASS,
DR-LS-000339-DAS,HVDC-ADOPT-SCT-0030,DAS,true,L,LS-000339,PASS,
DR-LS-000339-MIR,HVDC-ADOPT-SCT-0030,MIR,true,M,LS-000339,PASS,
DR-LS-000340-SHU,HVDC-ADOPT-HE-0258,SHU,true,K,LS-000340,PASS,
DR-LS-000341-SHU,HVDC-ADOPT-HE-0259,SHU,true,K,LS-000341,PASS,
DR-LS-000342-MIR,HVDC-ADOPT-HE-0260,MIR,true,M,LS-000342,PASS,
DR-LS-000343-MIR,HVDC-ADOPT-HE-0261,MIR,true,M,LS-000343,PASS,
DR-LS-000344-DAS,HVDC-ADOPT-HE-0262,DAS,true,L,LS-000344,PASS,
DR-LS-000344-AGI,HVDC-ADOPT-HE-0262,AGI,true,N,LS-000344,PASS,
DR-LS-000345-DAS,HVDC-ADOPT-HE-0263,DAS,true,L,LS-000345,PASS,
DR-LS-000345-AGI,HVDC-ADOPT-HE-0263,AGI,true,N,LS-000345,PASS,
DR-LS-000346-MIR,HVDC-ADOPT-SIM-0035,MIR,true,M,LS-000346,PASS,
DR-LS-000347-SHU,HVDC-ADOPT-SIM-0043,SHU,true,K,LS-000347,PASS,
DR-LS-000348-SHU,HVDC-ADOPT-SIM-0045,SHU,true,K,LS-000348,PASS,
DR-LS-000349-AGI,HVDC-ADOPT-SIM-0041,AGI,true,N,LS-000349,PASS,
DR-LS-000350-SHU,HVDC-ADOPT-SIM-0029,SHU,true,K,LS-000350,PASS,
DR-LS-000350-MIR,HVDC-ADOPT-SIM-0029,MIR,true,M,LS-000350,PASS,
DR-LS-000350-AGI,HVDC-ADOPT-SIM-0029,AGI,true,N,LS-000350,PASS,
DR-LS-000351-SHU,HVDC-ADOPT-SIM-0034,SHU,true,K,LS-000351,PASS,
DR-LS-000353-SHU,HVDC-ADOPT-SCT-0031,SHU,true,K,LS-000353,PASS,
DR-LS-000353-DAS,HVDC-ADOPT-SCT-0031,DAS,true,L,LS-000353,PASS,
DR-LS-000353-MIR,HVDC-ADOPT-SCT-0031,MIR,true,M,LS-000353,PASS,
DR-LS-000353-AGI,HVDC-ADOPT-SCT-0031,AGI,true,N,LS-000353,PASS,
DR-LS-000354-SHU,HVDC-ADOPT-SCT-0032,SHU,true,K,LS-000354,PASS,
DR-LS-000354-DAS,HVDC-ADOPT-SCT-0032,DAS,true,L,LS-000354,PASS,
DR-LS-000354-MIR,HVDC-ADOPT-SCT-0032,MIR,true,M,LS-000354,PASS,
DR-LS-000354-AGI,HVDC-ADOPT-SCT-0032,AGI,true,N,LS-000354,PASS,
DR-LS-000355-SHU,HVDC-ADOPT-SCT-0036,SHU,true,K,LS-000355,PASS,
DR-LS-000355-DAS,HVDC-ADOPT-SCT-0036,DAS,true,L,LS-000355,PASS,
DR-LS-000355-MIR,HVDC-ADOPT-SCT-0036,MIR,true,M,LS-000355,PASS,
DR-LS-000355-AGI,HVDC-ADOPT-SCT-0036,AGI,true,N,LS-000355,PASS,
DR-LS-000358-SHU,HVDC-ADOPT-SCT-0044,SHU,true,K,LS-000358,PASS,
DR-LS-000358-DAS,HVDC-ADOPT-SCT-0044,DAS,true,L,LS-000358,PASS,
DR-LS-000358-MIR,HVDC-ADOPT-SCT-0044,MIR,true,M,LS-000358,PASS,
DR-LS-000358-AGI,HVDC-ADOPT-SCT-0044,AGI,true,N,LS-000358,PASS,
DR-LS-000359-SHU,HVDC-ADOPT-SCT-0035,SHU,true,K,LS-000359,PASS,
DR-LS-000359-DAS,HVDC-ADOPT-SCT-0035,DAS,true,L,LS-000359,PASS,
DR-LS-000359-MIR,HVDC-ADOPT-SCT-0035,MIR,true,M,LS-000359,PASS,
DR-LS-000359-AGI,HVDC-ADOPT-SCT-0035,AGI,true,N,LS-000359,PASS,
DR-LS-000360-SHU,HVDC-ADOPT-SCT-0034,SHU,true,K,LS-000360,PASS,
DR-LS-000360-DAS,HVDC-ADOPT-SCT-0034,DAS,true,L,LS-000360,PASS,
DR-LS-000360-MIR,HVDC-ADOPT-SCT-0034,MIR,true,M,LS-000360,PASS,
DR-LS-000360-AGI,HVDC-ADOPT-SCT-0034,AGI,true,N,LS-000360,PASS,
DR-LS-000361-DAS,HVDC-ADOPT-SCT-0028,DAS,true,L,LS-000361,PASS,
DR-LS-000361-MIR,HVDC-ADOPT-SCT-0028,MIR,true,M,LS-000361,PASS,
DR-LS-000362-AGI,HVDC-ADOPT-SIM-0036-A,AGI,true,N,LS-000362,PASS,
DR-LS-000363-AGI,HVDC-ADOPT-SIM-0036-B,AGI,true,N,LS-000363,PASS,
DR-LS-000364-AGI,HVDC-ADOPT-SIM-0037-A,AGI,true,N,LS-000364,PASS,
DR-LS-000365-AGI,HVDC-ADOPT-SIM-0037-B,AGI,true,N,LS-000365,PASS,
DR-LS-000367-SHU,HVDC-ADOPT-SCT-0046,SHU,true,K,LS-000367,PASS,
DR-LS-000368-AGI,HVDC-ADOPT-HE-0238,AGI,true,N,LS-000368,PASS,
DR-LS-000369-MIR,HVDC-ADOPT-HE-0239,MIR,true,M,LS-000369,PASS,
DR-LS-000370-SHU,HVDC-ADOPT-HE-0243,SHU,true,K,LS-000370,PASS,
DR-LS-000371-MIR,HVDC-ADOPT-HE-0253,MIR,true,M,LS-000371,PASS,
DR-LS-000372-SHU,HVDC-ADOPT-HE-0254,SHU,true,K,LS-000372,PASS,
DR-LS-000373-SHU,HVDC-ADOPT-HE-0255,SHU,true,K,LS-000373,PASS,
DR-LS-000374-DAS,HVDC-ADOPT-HE-0256,DAS,true,L,LS-000374,PASS,
DR-LS-000375-DAS,HVDC-ADOPT-HE-0257,DAS,true,L,LS-000375,PASS,
DR-LS-000376-SHU,HVDC-ADOPT-SCT-0037,SHU,true,K,LS-000376,PASS,
DR-LS-000376-DAS,HVDC-ADOPT-SCT-0037,DAS,true,L,LS-000376,PASS,
DR-LS-000376-MIR,HVDC-ADOPT-SCT-0037,MIR,true,M,LS-000376,PASS,
DR-LS-000377-AGI,HVDC-ADOPT-SCT-0029,AGI,true,N,LS-000377,PASS,
DR-LS-000379-SHU,HVDC-ADOPT-HE-0290,SHU,true,K,LS-000379,PASS,
DR-LS-000381-AGI,HVDC-ADOPT-HE-0233,AGI,true,N,LS-000381,PASS,
DR-LS-000382-SHU,HVDC-ADOPT-HE-0236,SHU,true,K,LS-000382,PASS,
DR-LS-000382-DAS,HVDC-ADOPT-HE-0236,DAS,true,L,LS-000382,PASS,
DR-LS-000382-MIR,HVDC-ADOPT-HE-0236,MIR,true,M,LS-000382,PASS,
DR-LS-000382-AGI,HVDC-ADOPT-HE-0236,AGI,true,N,LS-000382,PASS,
DR-LS-000383-DAS,HVDC-ADOPT-SCT-0048,DAS,true,L,LS-000383,PASS,
DR-LS-000385-SHU,HVDC-ADOPT-SCT-0038,SHU,true,K,LS-000385,PASS,
DR-LS-000385-DAS,HVDC-ADOPT-SCT-0038,DAS,true,L,LS-000385,PASS,
DR-LS-000385-MIR,HVDC-ADOPT-SCT-0038,MIR,true,M,LS-000385,PASS,
DR-LS-000385-AGI,HVDC-ADOPT-SCT-0038,AGI,true,N,LS-000385,PASS,
DR-LS-000387-SHU,HVDC-ADOPT-HE-0302,SHU,true,K,LS-000387,PASS,
DR-LS-000388-SHU,HVDC-ADOPT-HE-0307,SHU,true,K,LS-000388,PASS,
DR-LS-000389-SHU,HVDC-ADOPT-SCT-0056,SHU,true,K,LS-000389,PASS,
DR-LS-000389-DAS,HVDC-ADOPT-SCT-0056,DAS,true,L,LS-000389,PASS,
DR-LS-000390-SHU,HVDC-ADOPT-SCT-0039,SHU,true,K,LS-000390,PASS,
DR-LS-000390-DAS,HVDC-ADOPT-SCT-0039,DAS,true,L,LS-000390,PASS,
DR-LS-000390-MIR,HVDC-ADOPT-SCT-0039,MIR,true,M,LS-000390,PASS,
DR-LS-000390-AGI,HVDC-ADOPT-SCT-0039,AGI,true,N,LS-000390,PASS,
DR-LS-000391-DAS,HVDC-ADOPT-HE-0267,DAS,true,L,LS-000391,PASS,
DR-LS-000392-SHU,HVDC-ADOPT-SCT-0042,SHU,true,K,LS-000392,PASS,
DR-LS-000392-DAS,HVDC-ADOPT-SCT-0042,DAS,true,L,LS-000392,PASS,
DR-LS-000392-MIR,HVDC-ADOPT-SCT-0042,MIR,true,M,LS-000392,PASS,
DR-LS-000393-SHU,HVDC-ADOPT-HE-0245,SHU,true,K,LS-000393,PASS,
DR-LS-000394-SHU,HVDC-ADOPT-HE-0246,SHU,true,K,LS-000394,PASS,
DR-LS-000395-SHU,HVDC-ADOPT-HE-0247,SHU,true,K,LS-000395,PASS,
DR-LS-000396-MIR,HVDC-ADOPT-HE-0248,MIR,true,M,LS-000396,PASS,
DR-LS-000397-MIR,HVDC-ADOPT-HE-0249,MIR,true,M,LS-000397,PASS,
DR-LS-000398-MIR,HVDC-ADOPT-HE-0250,MIR,true,M,LS-000398,PASS,
DR-LS-000399-AGI,HVDC-ADOPT-SIM-0042-A,AGI,true,N,LS-000399,PASS,
DR-LS-000400-AGI,HVDC-ADOPT-SIM-0042-B,AGI,true,N,LS-000400,PASS,
DR-LS-000401-DAS,HVDC-ADOPT-SIM-0050,DAS,true,L,LS-000401,PASS,
DR-LS-000402-SHU,HVDC-ADOPT-SIM-0053,SHU,true,K,LS-000402,PASS,
DR-LS-000403-AGI,HVDC-ADOPT-SIM-0052,AGI,true,N,LS-000403,PASS,
DR-LS-000404-SHU,HVDC-ADOPT-HE-0216,SHU,true,K,LS-000404,PASS,
DR-LS-000405-SHU,HVDC-ADOPT-HE-0220,SHU,true,K,LS-000405,PASS,
DR-LS-000406-MIR,HVDC-ADOPT-HE-0221,MIR,true,M,LS-000406,PASS,
DR-LS-000407-DAS,HVDC-ADOPT-HE-0222,DAS,true,L,LS-000407,PASS,
DR-LS-000407-AGI,HVDC-ADOPT-HE-0222,AGI,true,N,LS-000407,PASS,
DR-LS-000408-MIR,HVDC-ADOPT-HE-0217,MIR,true,M,LS-000408,PASS,
DR-LS-000409-DAS,HVDC-ADOPT-HE-0218,DAS,true,L,LS-000409,PASS,
DR-LS-000410-AGI,HVDC-ADOPT-HE-0219,AGI,true,N,LS-000410,PASS,
DR-LS-000411-SHU,HVDC-ADOPT-HE-0318-1,SHU,true,K,LS-000411,PASS,
DR-LS-000412-SHU,HVDC-ADOPT-HE-0318-2,SHU,true,K,LS-000412,PASS,
DR-LS-000413-SHU,HVDC-ADOPT-HE-0318-3,SHU,true,K,LS-000413,PASS,
DR-LS-000414-SHU,HVDC-ADOPT-SCT-0063,SHU,true,K,LS-000414,PASS,
DR-LS-000414-MIR,HVDC-ADOPT-SCT-0063,MIR,true,M,LS-000414,PASS,
DR-LS-000415-SHU,HVDC-ADOPT-HE-0318-4,SHU,true,K,LS-000415,PASS,
DR-LS-000417-SHU,HVDC-ADOPT-SCT-0043,SHU,true,K,LS-000417,PASS,
DR-LS-000417-DAS,HVDC-ADOPT-SCT-0043,DAS,true,L,LS-000417,PASS,
DR-LS-000417-MIR,HVDC-ADOPT-SCT-0043,MIR,true,M,LS-000417,PASS,
DR-LS-000417-AGI,HVDC-ADOPT-SCT-0043,AGI,true,N,LS-000417,PASS,
DR-LS-000418-DAS,HVDC-ADOPT-SCT-0045,DAS,true,L,LS-000418,PASS,
DR-LS-000418-MIR,HVDC-ADOPT-SCT-0045,MIR,true,M,LS-000418,PASS,
DR-LS-000419-SHU,HVDC-ADOPT-SCT-0047,SHU,true,K,LS-000419,PASS,
DR-LS-000420-DAS,HVDC-ADOPT-HE-0265,DAS,true,L,LS-000420,PASS,
DR-LS-000421-SHU,HVDC-ADOPT-HE-0266,SHU,true,K,LS-000421,PASS,
DR-LS-000422-SHU,HVDC-ADOPT-SEI-0020,SHU,true,K,LS-000422,PASS,
DR-LS-000422-DAS,HVDC-ADOPT-SEI-0020,DAS,true,L,LS-000422,PASS,
DR-LS-000423-SHU,HVDC-ADOPT-HE-0317-1,SHU,true,K,LS-000423,PASS,
DR-LS-000424-SHU,HVDC-ADOPT-HE-0317-2,SHU,true,K,LS-000424,PASS,
DR-LS-000425-SHU,HVDC-ADOPT-HE-0317-3,SHU,true,K,LS-000425,PASS,
DR-LS-000427-SHU,HVDC-ADOPT-SIM-0044,SHU,true,K,LS-000427,PASS,
DR-LS-000428-SHU,HVDC-ADOPT-SIM-0057,SHU,true,K,LS-000428,PASS,
DR-LS-000428-DAS,HVDC-ADOPT-SIM-0057,DAS,true,L,LS-000428,PASS,
DR-LS-000428-MIR,HVDC-ADOPT-SIM-0057,MIR,true,M,LS-000428,PASS,
DR-LS-000428-AGI,HVDC-ADOPT-SIM-0057,AGI,true,N,LS-000428,PASS,
DR-LS-000429-SHU,HVDC-ADOPT-SCT-0069,SHU,true,K,LS-000429,PASS,
DR-LS-000430-SHU,HVDC-ADOPT-HE-0319-1,SHU,true,K,LS-000430,PASS,
DR-LS-000431-SHU,HVDC-ADOPT-HE-0319-2,SHU,true,K,LS-000431,PASS,
DR-LS-000432-SHU,HVDC-ADOPT-HE-0319-3,SHU,true,K,LS-000432,PASS,
DR-LS-000433-SHU,HVDC-ADOPT-SCT-0065,SHU,true,K,LS-000433,PASS,
DR-LS-000433-DAS,HVDC-ADOPT-SCT-0065,DAS,true,L,LS-000433,PASS,
DR-LS-000433-MIR,HVDC-ADOPT-SCT-0065,MIR,true,M,LS-000433,PASS,
DR-LS-000434-SHU,HVDC-ADOPT-SCT-0054,SHU,true,K,LS-000434,PASS,
DR-LS-000434-DAS,HVDC-ADOPT-SCT-0054,DAS,true,L,LS-000434,PASS,
DR-LS-000434-MIR,HVDC-ADOPT-SCT-0054,MIR,true,M,LS-000434,PASS,
DR-LS-000434-AGI,HVDC-ADOPT-SCT-0054,AGI,true,N,LS-000434,PASS,
DR-LS-000435-DAS,HVDC-ADOPT-HE-0268,DAS,true,L,LS-000435,PASS,
DR-LS-000435-AGI,HVDC-ADOPT-HE-0268,AGI,true,N,LS-000435,PASS,
DR-LS-000436-DAS,HVDC-ADOPT-HE-0269,DAS,true,L,LS-000436,PASS,
DR-LS-000436-AGI,HVDC-ADOPT-HE-0269,AGI,true,N,LS-000436,PASS,
DR-LS-000437-MIR,HVDC-ADOPT-HE-0270,MIR,true,M,LS-000437,PASS,
DR-LS-000438-MIR,HVDC-ADOPT-HE-0271,MIR,true,M,LS-000438,PASS,
DR-LS-000439-SHU,HVDC-ADOPT-HE-0272,SHU,true,K,LS-000439,PASS,
DR-LS-000440-SHU,HVDC-ADOPT-HE-0273,SHU,true,K,LS-000440,PASS,
DR-LS-000441-SHU,HVDC-ADOPT-HE-0274,SHU,true,K,LS-000441,PASS,
DR-LS-000442-SHU,HVDC-ADOPT-HE-0275,SHU,true,K,LS-000442,PASS,
DR-LS-000443-DAS,HVDC-ADOPT-HE-0326,DAS,true,L,LS-000443,PASS,
DR-LS-000444-MIR,HVDC-ADOPT-HE-0291,MIR,true,M,LS-000444,PASS,
DR-LS-000445-SHU,HVDC-ADOPT-HE-0292,SHU,true,K,LS-000445,PASS,
DR-LS-000446-MIR,HVDC-ADOPT-HE-0298,MIR,true,M,LS-000446,PASS,
DR-LS-000447-SHU,HVDC-ADOPT-HE-0299,SHU,true,K,LS-000447,PASS,
DR-LS-000448-AGI,HVDC-ADOPT-HE-0300,AGI,true,N,LS-000448,PASS,
DR-LS-000449-SHU,HVDC-ADOPT-SCT-0055,SHU,true,K,LS-000449,PASS,
DR-LS-000449-DAS,HVDC-ADOPT-SCT-0055,DAS,true,L,LS-000449,PASS,
DR-LS-000449-MIR,HVDC-ADOPT-SCT-0055,MIR,true,M,LS-000449,PASS,
DR-LS-000450-SHU,HVDC-ADOPT-SCT-0052,SHU,true,K,LS-000450,PASS,
DR-LS-000450-DAS,HVDC-ADOPT-SCT-0052,DAS,true,L,LS-000450,PASS,
DR-LS-000450-MIR,HVDC-ADOPT-SCT-0052,MIR,true,M,LS-000450,PASS,
DR-LS-000450-AGI,HVDC-ADOPT-SCT-0052,AGI,true,N,LS-000450,PASS,
DR-LS-000451-SHU,HVDC-ADOPT-SCT-0051,SHU,true,K,LS-000451,PASS,
DR-LS-000451-MIR,HVDC-ADOPT-SCT-0051,MIR,true,M,LS-000451,PASS,
DR-LS-000451-AGI,HVDC-ADOPT-SCT-0051,AGI,true,N,LS-000451,PASS,
DR-LS-000452-SHU,HVDC-ADOPT-SCT-0050,SHU,true,K,LS-000452,PASS,
DR-LS-000452-DAS,HVDC-ADOPT-SCT-0050,DAS,true,L,LS-000452,PASS,
DR-LS-000452-MIR,HVDC-ADOPT-SCT-0050,MIR,true,M,LS-000452,PASS,
DR-LS-000452-AGI,HVDC-ADOPT-SCT-0050,AGI,true,N,LS-000452,PASS,
DR-LS-000453-AGI,HVDC-ADOPT-HE-0301-1,AGI,true,N,LS-000453,PASS,
DR-LS-000454-SHU,HVDC-ADOPT-HE-0311-1,SHU,true,K,LS-000454,PASS,
DR-LS-000455-DAS,HVDC-ADOPT-HE-0308,DAS,true,L,LS-000455,PASS,
DR-LS-000456-DAS,HVDC-ADOPT-HE-0309-1,DAS,true,L,LS-000456,PASS,
DR-LS-000457-DAS,HVDC-ADOPT-HE-0310-1,DAS,true,L,LS-000457,PASS,
DR-LS-000458-SHU,HVDC-ADOPT-SCT-0053,SHU,true,K,LS-000458,PASS,
DR-LS-000458-DAS,HVDC-ADOPT-SCT-0053,DAS,true,L,LS-000458,PASS,
DR-LS-000458-MIR,HVDC-ADOPT-SCT-0053,MIR,true,M,LS-000458,PASS,
DR-LS-000458-AGI,HVDC-ADOPT-SCT-0053,AGI,true,N,LS-000458,PASS,
DR-LS-000459-SHU,HVDC-ADOPT-SCT-0061,SHU,true,K,LS-000459,PASS,
DR-LS-000459-DAS,HVDC-ADOPT-SCT-0061,DAS,true,L,LS-000459,PASS,
DR-LS-000459-MIR,HVDC-ADOPT-SCT-0061,MIR,true,M,LS-000459,PASS,
DR-LS-000459-AGI,HVDC-ADOPT-SCT-0061,AGI,true,N,LS-000459,PASS,
DR-LS-000460-SHU,HVDC-ADOPT-SIM-0066,SHU,true,K,LS-000460,PASS,
DR-LS-000460-MIR,HVDC-ADOPT-SIM-0066,MIR,true,M,LS-000460,PASS,
DR-LS-000461-SHU,HVDC-ADOPT-SCT-0079,SHU,true,K,LS-000461,PASS,
DR-LS-000461-DAS,HVDC-ADOPT-SCT-0079,DAS,true,L,LS-000461,PASS,
DR-LS-000461-MIR,HVDC-ADOPT-SCT-0079,MIR,true,M,LS-000461,PASS,
DR-LS-000461-AGI,HVDC-ADOPT-SCT-0079,AGI,true,N,LS-000461,PASS,
DR-LS-000462-SHU,HVDC-ADOPT-SIM-0056,SHU,true,K,LS-000462,PASS,
DR-LS-000463-MIR,HVDC-ADOPT-SIM-0061,MIR,true,M,LS-000463,PASS,
DR-LS-000464-SHU,HVDC-ADOPT-HE-0334,SHU,true,K,LS-000464,PASS,
DR-LS-000465-AGI,HVDC-ADOPT-SIM-0062,AGI,true,N,LS-000465,PASS,
DR-LS-000467-AGI,HVDC-ADOPT-SCT-0090,AGI,true,N,LS-000467,PASS,
DR-LS-000468-DAS,HVDC-ADOPT-HE-0301-2,DAS,true,L,LS-000468,PASS,
DR-LS-000468-AGI,HVDC-ADOPT-HE-0301-2,AGI,true,N,LS-000468,PASS,
DR-LS-000469-SHU,HVDC-ADOPT-HE-0311-2,SHU,true,K,LS-000469,PASS,
DR-LS-000470-DAS,HVDC-ADOPT-HE-0309-2,DAS,true,L,LS-000470,PASS,
DR-LS-000471-DAS,HVDC-ADOPT-HE-0310-2,DAS,true,L,LS-000471,PASS,
DR-LS-000472-DAS,HVDC-ADOPT-HE-0314,DAS,true,L,LS-000472,PASS,
DR-LS-000473-SHU,HVDC-ADOPT-SIM-0054,SHU,true,K,LS-000473,PASS,
DR-LS-000474-SHU,HVDC-ADOPT-SIM-0055,SHU,true,K,LS-000474,PASS,
DR-LS-000475-MIR,HVDC-ADOPT-SIM-0065,MIR,true,M,LS-000475,PASS,
DR-LS-000476-SHU,HVDC-ADOPT-HE-0327,SHU,true,K,LS-000476,PASS,
DR-LS-000476-DAS,HVDC-ADOPT-HE-0327,DAS,true,L,LS-000476,PASS,
DR-LS-000477-SHU,HVDC-ADOPT-SCT-0049,SHU,true,K,LS-000477,PASS,
DR-LS-000477-DAS,HVDC-ADOPT-SCT-0049,DAS,true,L,LS-000477,PASS,
DR-LS-000477-MIR,HVDC-ADOPT-SCT-0049,MIR,true,M,LS-000477,PASS,
DR-LS-000477-AGI,HVDC-ADOPT-SCT-0049,AGI,true,N,LS-000477,PASS,
DR-LS-000478-SHU,HVDC-ADOPT-SCT-0057,SHU,true,K,LS-000478,PASS,
DR-LS-000478-DAS,HVDC-ADOPT-SCT-0057,DAS,true,L,LS-000478,PASS,
DR-LS-000478-MIR,HVDC-ADOPT-SCT-0057,MIR,true,M,LS-000478,PASS,
DR-LS-000478-AGI,HVDC-ADOPT-SCT-0057,AGI,true,N,LS-000478,PASS,
DR-LS-000479-SHU,HVDC-ADOPT-HE-0335,SHU,true,K,LS-000479,PASS,
DR-LS-000481-SHU,HVDC-ADOPT-SCT-0091,SHU,true,K,LS-000481,PASS,
DR-LS-000481-DAS,HVDC-ADOPT-SCT-0091,DAS,true,L,LS-000481,PASS,
DR-LS-000481-MIR,HVDC-ADOPT-SCT-0091,MIR,true,M,LS-000481,PASS,
DR-LS-000483-SHU,HVDC-ADOPT-HE-0312,SHU,true,K,LS-000483,PASS,
DR-LS-000483-MIR,HVDC-ADOPT-HE-0312,MIR,true,M,LS-000483,PASS,
DR-LS-000484-SHU,HVDC-ADOPT-HE-0313,SHU,true,K,LS-000484,PASS,
DR-LS-000484-MIR,HVDC-ADOPT-HE-0313,MIR,true,M,LS-000484,PASS,
DR-LS-000485-MIR,HVDC-ADOPT-SIM-0064,MIR,true,M,LS-000485,PASS,
DR-LS-000486-MIR,HVDC-ADOPT-SIM-0040,MIR,true,M,LS-000486,PASS,
DR-LS-000487-AGI,HVDC-ADOPT-HE-0320,AGI,true,N,LS-000487,PASS,
DR-LS-000488-SHU,HVDC-ADOPT-HE-0293,SHU,true,K,LS-000488,PASS,
DR-LS-000489-MIR,HVDC-ADOPT-HE-0294,MIR,true,M,LS-000489,PASS,
DR-LS-000490-DAS,HVDC-ADOPT-HE-0295,DAS,true,L,LS-000490,PASS,
DR-LS-000490-AGI,HVDC-ADOPT-HE-0295,AGI,true,N,LS-000490,PASS,
DR-LS-000491-DAS,HVDC-ADOPT-HE-0288,DAS,true,L,LS-000491,PASS,
DR-LS-000491-AGI,HVDC-ADOPT-HE-0288,AGI,true,N,LS-000491,PASS,
DR-LS-000492-DAS,HVDC-ADOPT-HE-0289,DAS,true,L,LS-000492,PASS,
DR-LS-000492-AGI,HVDC-ADOPT-HE-0289,AGI,true,N,LS-000492,PASS,
DR-LS-000493-SHU,HVDC-ADOPT-HE-0296,SHU,true,K,LS-000493,PASS,
DR-LS-000494-SHU,HVDC-ADOPT-HE-0297,SHU,true,K,LS-000494,PASS,
DR-LS-000496-SHU,HVDC-ADOPT-SCT-0077,SHU,true,K,LS-000496,PASS,
DR-LS-000496-DAS,HVDC-ADOPT-SCT-0077,DAS,true,L,LS-000496,PASS,
DR-LS-000496-MIR,HVDC-ADOPT-SCT-0077,MIR,true,M,LS-000496,PASS,
DR-LS-000497-SHU,HVDC-ADOPT-SCT-0080,SHU,true,K,LS-000497,PASS,
DR-LS-000497-MIR,HVDC-ADOPT-SCT-0080,MIR,true,M,LS-000497,PASS,
DR-LS-000497-AGI,HVDC-ADOPT-SCT-0080,AGI,true,N,LS-000497,PASS,
DR-LS-000498-SHU,HVDC-ADOPT-SCT-0088,SHU,true,K,LS-000498,PASS,
DR-LS-000499-MIR,HVDC-ADOPT-HE-0321,MIR,true,M,LS-000499,PASS,
DR-LS-000500-DAS,HVDC-ADOPT-HE-0322,DAS,true,L,LS-000500,PASS,
DR-LS-000501-DAS,HVDC-ADOPT-HE-0276,DAS,true,L,LS-000501,PASS,
DR-LS-000501-AGI,HVDC-ADOPT-HE-0276,AGI,true,N,LS-000501,PASS,
DR-LS-000502-DAS,HVDC-ADOPT-HE-0277,DAS,true,L,LS-000502,PASS,
DR-LS-000502-AGI,HVDC-ADOPT-HE-0277,AGI,true,N,LS-000502,PASS,
DR-LS-000503-DAS,HVDC-ADOPT-HE-0278,DAS,true,L,LS-000503,PASS,
DR-LS-000503-AGI,HVDC-ADOPT-HE-0278,AGI,true,N,LS-000503,PASS,
DR-LS-000504-DAS,HVDC-ADOPT-HE-0279,DAS,true,L,LS-000504,PASS,
DR-LS-000504-AGI,HVDC-ADOPT-HE-0279,AGI,true,N,LS-000504,PASS,
DR-LS-000505-MIR,HVDC-ADOPT-HE-0280,MIR,true,M,LS-000505,PASS,
DR-LS-000506-MIR,HVDC-ADOPT-HE-0281,MIR,true,M,LS-000506,PASS,
DR-LS-000507-MIR,HVDC-ADOPT-HE-0282,MIR,true,M,LS-000507,PASS,
DR-LS-000508-MIR,HVDC-ADOPT-HE-0283,MIR,true,M,LS-000508,PASS,
DR-LS-000509-SHU,HVDC-ADOPT-HE-0284,SHU,true,K,LS-000509,PASS,
DR-LS-000510-SHU,HVDC-ADOPT-HE-0285,SHU,true,K,LS-000510,PASS,
DR-LS-000511-SHU,HVDC-ADOPT-HE-0286,SHU,true,K,LS-000511,PASS,
DR-LS-000512-SHU,HVDC-ADOPT-HE-0287,SHU,true,K,LS-000512,PASS,
DR-LS-000513-MIR,HVDC-ADOPT-HE-0356,MIR,true,M,LS-000513,PASS,
DR-LS-000514-SHU,HVDC-ADOPT-HE-0355,SHU,true,K,LS-000514,PASS,
DR-LS-000515-SHU,HVDC-ADOPT-SCT-0066,SHU,true,K,LS-000515,PASS,
DR-LS-000515-DAS,HVDC-ADOPT-SCT-0066,DAS,true,L,LS-000515,PASS,
DR-LS-000515-MIR,HVDC-ADOPT-SCT-0066,MIR,true,M,LS-000515,PASS,
DR-LS-000515-AGI,HVDC-ADOPT-SCT-0066,AGI,true,N,LS-000515,PASS,
DR-LS-000516-SHU,HVDC-ADOPT-SIM-0072,SHU,true,K,LS-000516,PASS,
DR-LS-000516-MIR,HVDC-ADOPT-SIM-0072,MIR,true,M,LS-000516,PASS,
DR-LS-000517-SHU,HVDC-ADOPT-SIM-0073,SHU,true,K,LS-000517,PASS,
DR-LS-000517-MIR,HVDC-ADOPT-SIM-0073,MIR,true,M,LS-000517,PASS,
DR-LS-000519-AGI,HVDC-ADOPT-SIM-0048,AGI,true,N,LS-000519,PASS,
DR-LS-000520-DAS,HVDC-ADOPT-SIM-0049,DAS,true,L,LS-000520,PASS,
DR-LS-000521-AGI,HVDC-ADOPT-SIM-0051,AGI,true,N,LS-000521,PASS,
DR-LS-000522-SHU,HVDC-ADOPT-SCT-0075,SHU,true,K,LS-000522,PASS,
DR-LS-000522-MIR,HVDC-ADOPT-SCT-0075,MIR,true,M,LS-000522,PASS,
DR-LS-000523-DAS,HVDC-ADOPT-HE-0330,DAS,true,L,LS-000523,PASS,
DR-LS-000523-AGI,HVDC-ADOPT-HE-0330,AGI,true,N,LS-000523,PASS,
DR-LS-000526-DAS,HVDC-ADOPT-HE-0315,DAS,true,L,LS-000526,PASS,
DR-LS-000526-AGI,HVDC-ADOPT-HE-0315,AGI,true,N,LS-000526,PASS,
DR-LS-000527-DAS,HVDC-ADOPT-HE-0316,DAS,true,L,LS-000527,PASS,
DR-LS-000527-AGI,HVDC-ADOPT-HE-0316,AGI,true,N,LS-000527,PASS,
DR-LS-000528-SHU,HVDC-ADOPT-SCT-0058,SHU,true,K,LS-000528,PASS,
DR-LS-000528-DAS,HVDC-ADOPT-SCT-0058,DAS,true,L,LS-000528,PASS,
DR-LS-000528-MIR,HVDC-ADOPT-SCT-0058,MIR,true,M,LS-000528,PASS,
DR-LS-000528-AGI,HVDC-ADOPT-SCT-0058,AGI,true,N,LS-000528,PASS,
DR-LS-000529-SHU,HVDC-ADOPT-SCT-0070,SHU,true,K,LS-000529,PASS,
DR-LS-000529-DAS,HVDC-ADOPT-SCT-0070,DAS,true,L,LS-000529,PASS,
DR-LS-000529-MIR,HVDC-ADOPT-SCT-0070,MIR,true,M,LS-000529,PASS,
DR-LS-000529-AGI,HVDC-ADOPT-SCT-0070,AGI,true,N,LS-000529,PASS,
DR-LS-000530-SHU,HVDC-ADOPT-SCT-0089,SHU,true,K,LS-000530,PASS,
DR-LS-000530-DAS,HVDC-ADOPT-SCT-0089,DAS,true,L,LS-000530,PASS,
DR-LS-000530-MIR,HVDC-ADOPT-SCT-0089,MIR,true,M,LS-000530,PASS,
DR-LS-000530-AGI,HVDC-ADOPT-SCT-0089,AGI,true,N,LS-000530,PASS,
DR-LS-000531-MIR,HVDC-ADOPT-SIM-0076-A,MIR,true,M,LS-000531,PASS,
DR-LS-000532-SHU,HVDC-ADOPT-SIM-0076-B,SHU,true,K,LS-000532,PASS,
DR-LS-000532-MIR,HVDC-ADOPT-SIM-0076-B,MIR,true,M,LS-000532,PASS,
DR-LS-000533-MIR,HVDC-ADOPT-SIM-0076-C,MIR,true,M,LS-000533,PASS,
DR-LS-000534-SHU,HVDC-ADOPT-SIM-0076-D,SHU,true,K,LS-000534,PASS,
DR-LS-000534-MIR,HVDC-ADOPT-SIM-0076-D,MIR,true,M,LS-000534,PASS,
DR-LS-000535-SHU,HVDC-ADOPT-SCT-0100,SHU,true,K,LS-000535,PASS,
DR-LS-000536-MIR,HVDC-ADOPT-HE-0340,MIR,true,M,LS-000536,PASS,
DR-LS-000536-AGI,HVDC-ADOPT-HE-0340,AGI,true,N,LS-000536,PASS,
DR-LS-000537-SHU,HVDC-ADOPT-SCT-0067,SHU,true,K,LS-000537,PASS,
DR-LS-000537-DAS,HVDC-ADOPT-SCT-0067,DAS,true,L,LS-000537,PASS,
DR-LS-000537-MIR,HVDC-ADOPT-SCT-0067,MIR,true,M,LS-000537,PASS,
DR-LS-000537-AGI,HVDC-ADOPT-SCT-0067,AGI,true,N,LS-000537,PASS,
DR-LS-000538-SHU,HVDC-ADOPT-SCT-0068,SHU,true,K,LS-000538,PASS,
DR-LS-000538-DAS,HVDC-ADOPT-SCT-0068,DAS,true,L,LS-000538,PASS,
DR-LS-000538-MIR,HVDC-ADOPT-SCT-0068,MIR,true,M,LS-000538,PASS,
DR-LS-000538-AGI,HVDC-ADOPT-SCT-0068,AGI,true,N,LS-000538,PASS,
DR-LS-000539-MIR,HVDC-ADOPT-HE-0303,MIR,true,M,LS-000539,PASS,
DR-LS-000540-MIR,HVDC-ADOPT-HE-0304,MIR,true,M,LS-000540,PASS,
DR-LS-000541-SHU,HVDC-ADOPT-HE-0305,SHU,true,K,LS-000541,PASS,
DR-LS-000542-SHU,HVDC-ADOPT-HE-0306,SHU,true,K,LS-000542,PASS,
DR-LS-000543-SHU,HVDC-ADOPT-HE-0328,SHU,true,K,LS-000543,PASS,
DR-LS-000544-SHU,HVDC-ADOPT-HE-0344,SHU,true,K,LS-000544,PASS,
DR-LS-000545-SHU,HVDC-ADOPT-HE-0345,SHU,true,K,LS-000545,PASS,
DR-LS-000546-MIR,HVDC-ADOPT-HE-0346,MIR,true,M,LS-000546,PASS,
DR-LS-000547-MIR,HVDC-ADOPT-HE-0347,MIR,true,M,LS-000547,PASS,
DR-LS-000548-DAS,HVDC-ADOPT-HE-0348,DAS,true,L,LS-000548,PASS,
DR-LS-000548-AGI,HVDC-ADOPT-HE-0348,AGI,true,N,LS-000548,PASS,
DR-LS-000549-DAS,HVDC-ADOPT-HE-0349,DAS,true,L,LS-000549,PASS,
DR-LS-000549-AGI,HVDC-ADOPT-HE-0349,AGI,true,N,LS-000549,PASS,
DR-LS-000550-MIR,HVDC-ADOPT-HE-0360,MIR,true,M,LS-000550,PASS,
DR-LS-000551-SHU,HVDC-ADOPT-SCT-0060,SHU,true,K,LS-000551,PASS,
DR-LS-000551-DAS,HVDC-ADOPT-SCT-0060,DAS,true,L,LS-000551,PASS,
DR-LS-000551-MIR,HVDC-ADOPT-SCT-0060,MIR,true,M,LS-000551,PASS,
DR-LS-000551-AGI,HVDC-ADOPT-SCT-0060,AGI,true,N,LS-000551,PASS,
DR-LS-000552-SHU,HVDC-ADOPT-SCT-0062,SHU,true,K,LS-000552,PASS,
DR-LS-000552-DAS,HVDC-ADOPT-SCT-0062,DAS,true,L,LS-000552,PASS,
DR-LS-000552-MIR,HVDC-ADOPT-SCT-0062,MIR,true,M,LS-000552,PASS,
DR-LS-000552-AGI,HVDC-ADOPT-SCT-0062,AGI,true,N,LS-000552,PASS,
DR-LS-000553-SHU,HVDC-ADOPT-SCT-0099,SHU,true,K,LS-000553,PASS,
DR-LS-000554-MIR,HVDC-ADOPT-HE-0358,MIR,true,M,LS-000554,PASS,
DR-LS-000555-AGI,HVDC-ADOPT-HE-0357,AGI,true,N,LS-000555,PASS,
DR-LS-000556-SHU,HVDC-ADOPT-HE-0341,SHU,true,K,LS-000556,PASS,
DR-LS-000556-DAS,HVDC-ADOPT-HE-0341,DAS,true,L,LS-000556,PASS,
DR-LS-000556-MIR,HVDC-ADOPT-HE-0341,MIR,true,M,LS-000556,PASS,
DR-LS-000556-AGI,HVDC-ADOPT-HE-0341,AGI,true,N,LS-000556,PASS,
DR-LS-000557-SHU,HVDC-ADOPT-SCT-0076,SHU,true,K,LS-000557,PASS,
DR-LS-000557-DAS,HVDC-ADOPT-SCT-0076,DAS,true,L,LS-000557,PASS,
DR-LS-000557-MIR,HVDC-ADOPT-SCT-0076,MIR,true,M,LS-000557,PASS,
DR-LS-000558-SHU,HVDC-ADOPT-SCT-0081,SHU,true,K,LS-000558,PASS,
DR-LS-000558-DAS,HVDC-ADOPT-SCT-0081,DAS,true,L,LS-000558,PASS,
DR-LS-000558-MIR,HVDC-ADOPT-SCT-0081,MIR,true,M,LS-000558,PASS,
DR-LS-000558-AGI,HVDC-ADOPT-SCT-0081,AGI,true,N,LS-000558,PASS,
DR-LS-000559-SHU,HVDC-ADOPT-SCT-0103,SHU,true,K,LS-000559,PASS,
DR-LS-000559-MIR,HVDC-ADOPT-SCT-0103,MIR,true,M,LS-000559,PASS,
DR-LS-000559-AGI,HVDC-ADOPT-SCT-0103,AGI,true,N,LS-000559,PASS,
DR-LS-000560-AGI,HVDC-ADOPT-HE-0323,AGI,true,N,LS-000560,PASS,
DR-LS-000561-MIR,HVDC-ADOPT-HE-0324,MIR,true,M,LS-000561,PASS,
DR-LS-000562-DAS,HVDC-ADOPT-HE-0325-1,DAS,true,L,LS-000562,PASS,
DR-LS-000563-DAS,HVDC-ADOPT-HE-0325-2,DAS,true,L,LS-000563,PASS,
DR-LS-000564-DAS,HVDC-ADOPT-HE-0331,DAS,true,L,LS-000564,PASS,
DR-LS-000564-AGI,HVDC-ADOPT-HE-0331,AGI,true,N,LS-000564,PASS,
DR-LS-000565-DAS,HVDC-ADOPT-HE-0332,DAS,true,L,LS-000565,PASS,
DR-LS-000566-SHU,HVDC-ADOPT-HE-0333,SHU,true,K,LS-000566,PASS,
DR-LS-000567-DAS,HVDC-ADOPT-SCT-0074,DAS,true,L,LS-000567,PASS,
DR-LS-000567-AGI,HVDC-ADOPT-SCT-0074,AGI,true,N,LS-000567,PASS,
DR-LS-000568-SHU,HVDC-ADOPT-HE-0224,SHU,true,K,LS-000568,PASS,
DR-LS-000569-SHU,HVDC-ADOPT-HE-0225,SHU,true,K,LS-000569,PASS,
DR-LS-000570-MIR,HVDC-ADOPT-HE-0363,MIR,true,M,LS-000570,PASS,
DR-LS-000571-MIR,HVDC-ADOPT-HE-0361,MIR,true,M,LS-000571,PASS,
DR-LS-000572-DAS,HVDC-ADOPT-HE-0240,DAS,true,L,LS-000572,PASS,
DR-LS-000572-AGI,HVDC-ADOPT-HE-0240,AGI,true,N,LS-000572,PASS,
DR-LS-000573-MIR,HVDC-ADOPT-HE-0241,MIR,true,M,LS-000573,PASS,
DR-LS-000574-SHU,HVDC-ADOPT-HE-0242,SHU,true,K,LS-000574,PASS,
DR-LS-000575-SHU,HVDC-ADOPT-HE-0368-1,SHU,true,K,LS-000575,PASS,
DR-LS-000576-SHU,HVDC-ADOPT-HE-0368-4,SHU,true,K,LS-000576,PASS,
DR-LS-000577-SHU,HVDC-ADOPT-HE-0368-6,SHU,true,K,LS-000577,PASS,
DR-LS-000578-DAS,HVDC-ADOPT-HE-0354,DAS,true,L,LS-000578,PASS,
DR-LS-000579-SHU,HVDC-ADOPT-HE-0369,SHU,true,K,LS-000579,PASS,
DR-LS-000580-MIR,HVDC-ADOPT-HE-0370,MIR,true,M,LS-000580,PASS,
DR-LS-000581-DAS,HVDC-ADOPT-HE-0371,DAS,true,L,LS-000581,PASS,
DR-LS-000581-AGI,HVDC-ADOPT-HE-0371,AGI,true,N,LS-000581,PASS,
DR-LS-000582-SHU,HVDC-ADOPT-HE-0372,SHU,true,K,LS-000582,PASS,
DR-LS-000583-DAS,HVDC-ADOPT-SIM-0080-A,DAS,true,L,LS-000583,PASS,
DR-LS-000584-AGI,HVDC-ADOPT-SIM-0080-B,AGI,true,N,LS-000584,PASS,
DR-LS-000585-MIR,HVDC-ADOPT-SIM-0080-C,MIR,true,M,LS-000585,PASS,
DR-LS-000586-SHU,HVDC-ADOPT-SIM-0080-D,SHU,true,K,LS-000586,PASS,
DR-LS-000587-SHU,HVDC-ADOPT-SCT-0085,SHU,true,K,LS-000587,PASS,
DR-LS-000587-DAS,HVDC-ADOPT-SCT-0085,DAS,true,L,LS-000587,PASS,
DR-LS-000587-MIR,HVDC-ADOPT-SCT-0085,MIR,true,M,LS-000587,PASS,
DR-LS-000587-AGI,HVDC-ADOPT-SCT-0085,AGI,true,N,LS-000587,PASS,
DR-LS-000588-SHU,HVDC-ADOPT-SCT-0104,SHU,true,K,LS-000588,PASS,
DR-LS-000589-SHU,HVDC-ADOPT-SCT-0087,SHU,true,K,LS-000589,PASS,
DR-LS-000589-DAS,HVDC-ADOPT-SCT-0087,DAS,true,L,LS-000589,PASS,
DR-LS-000589-MIR,HVDC-ADOPT-SCT-0087,MIR,true,M,LS-000589,PASS,
DR-LS-000589-AGI,HVDC-ADOPT-SCT-0087,AGI,true,N,LS-000589,PASS,
DR-LS-000590-SHU,HVDC-ADOPT-SCT-0072,SHU,true,K,LS-000590,PASS,
DR-LS-000590-DAS,HVDC-ADOPT-SCT-0072,DAS,true,L,LS-000590,PASS,
DR-LS-000590-MIR,HVDC-ADOPT-SCT-0072,MIR,true,M,LS-000590,PASS,
DR-LS-000590-AGI,HVDC-ADOPT-SCT-0072,AGI,true,N,LS-000590,PASS,
DR-LS-000591-SHU,HVDC-ADOPT-SCT-0082,SHU,true,K,LS-000591,PASS,
DR-LS-000591-DAS,HVDC-ADOPT-SCT-0082,DAS,true,L,LS-000591,PASS,
DR-LS-000591-MIR,HVDC-ADOPT-SCT-0082,MIR,true,M,LS-000591,PASS,
DR-LS-000591-AGI,HVDC-ADOPT-SCT-0082,AGI,true,N,LS-000591,PASS,
DR-LS-000592-SHU,HVDC-ADOPT-SCT-0084,SHU,true,K,LS-000592,PASS,
DR-LS-000592-DAS,HVDC-ADOPT-SCT-0084,DAS,true,L,LS-000592,PASS,
DR-LS-000592-MIR,HVDC-ADOPT-SCT-0084,MIR,true,M,LS-000592,PASS,
DR-LS-000592-AGI,HVDC-ADOPT-SCT-0084,AGI,true,N,LS-000592,PASS,
DR-LS-000593-MIR,HVDC-ADOPT-HE-0228,MIR,true,M,LS-000593,PASS,
DR-LS-000594-MIR,HVDC-ADOPT-HE-0229,MIR,true,M,LS-000594,PASS,
DR-LS-000596-SHU,HVDC-ADOPT-HE-0368-3,SHU,true,K,LS-000596,PASS,
DR-LS-000597-SHU,HVDC-ADOPT-HE-0368-5,SHU,true,K,LS-000597,PASS,
DR-LS-000598-SHU,HVDC-ADOPT-SCT-0071,SHU,true,K,LS-000598,PASS,
DR-LS-000598-DAS,HVDC-ADOPT-SCT-0071,DAS,true,L,LS-000598,PASS,
DR-LS-000598-MIR,HVDC-ADOPT-SCT-0071,MIR,true,M,LS-000598,PASS,
DR-LS-000598-AGI,HVDC-ADOPT-SCT-0071,AGI,true,N,LS-000598,PASS,
DR-LS-000599-SHU,HVDC-ADOPT-HE-0373,SHU,true,K,LS-000599,PASS,
DR-LS-000600-SHU,HVDC-ADOPT-HE-0375,SHU,true,K,LS-000600,PASS,
DR-LS-000601-SHU,HVDC-ADOPT-SCT-0059,SHU,true,K,LS-000601,PASS,
DR-LS-000601-DAS,HVDC-ADOPT-SCT-0059,DAS,true,L,LS-000601,PASS,
DR-LS-000601-MIR,HVDC-ADOPT-SCT-0059,MIR,true,M,LS-000601,PASS,
DR-LS-000601-AGI,HVDC-ADOPT-SCT-0059,AGI,true,N,LS-000601,PASS,
DR-LS-000603-MIR,HVDC-ADOPT-HE-0337,MIR,true,M,LS-000603,PASS,
DR-LS-000604-DAS,HVDC-ADOPT-HE-0338,DAS,true,L,LS-000604,PASS,
DR-LS-000604-AGI,HVDC-ADOPT-HE-0338,AGI,true,N,LS-000604,PASS,
DR-LS-000605-SHU,HVDC-ADOPT-HE-0339,SHU,true,K,LS-000605,PASS,
DR-LS-000606-DAS,HVDC-ADOPT-HE-0350,DAS,true,L,LS-000606,PASS,
DR-LS-000606-AGI,HVDC-ADOPT-HE-0350,AGI,true,N,LS-000606,PASS,
DR-LS-000607-MIR,HVDC-ADOPT-HE-0351,MIR,true,M,LS-000607,PASS,
DR-LS-000608-MIR,HVDC-ADOPT-HE-0329,MIR,true,M,LS-000608,PASS,
DR-LS-000609-AGI,HVDC-ADOPT-HE-0336,AGI,true,N,LS-000609,PASS,
DR-LS-000610-SHU,HVDC-ADOPT-HE-0368-2,SHU,true,K,LS-000610,PASS,
DR-LS-000611-SHU,HVDC-ADOPT-HE-0401,SHU,true,K,LS-000611,PASS,
DR-LS-000612-SHU,HVDC-ADOPT-HE-0368-7,SHU,true,K,LS-000612,PASS,
DR-LS-000613-SHU,HVDC-ADOPT-HE-0398,SHU,true,K,LS-000613,PASS,
DR-LS-000614-SHU,HVDC-ADOPT-HE-0399,SHU,true,K,LS-000614,PASS,
DR-LS-000615-SHU,HVDC-ADOPT-HE-0403,SHU,true,K,LS-000615,PASS,
DR-LS-000616-SHU,HVDC-ADOPT-HE-0404,SHU,true,K,LS-000616,PASS,
DR-LS-000617-DAS,HVDC-ADOPT-HE-0406,DAS,true,L,LS-000617,PASS,
DR-LS-000618-DAS,HVDC-ADOPT-HE-0407,DAS,true,L,LS-000618,PASS,
DR-LS-000619-DAS,HVDC-ADOPT-HE-0402,DAS,true,L,LS-000619,PASS,
DR-LS-000620-DAS,HVDC-ADOPT-HE-0405,DAS,true,L,LS-000620,PASS,
DR-LS-000621-DAS,HVDC-ADOPT-HE-0230,DAS,true,L,LS-000621,PASS,
DR-LS-000622-DAS,HVDC-ADOPT-HE-0231,DAS,true,L,LS-000622,PASS,
DR-LS-000623-SHU,HVDC-ADOPT-SCT-0116,SHU,true,K,LS-000623,PASS,
DR-LS-000623-MIR,HVDC-ADOPT-SCT-0116,MIR,true,M,LS-000623,PASS,
DR-LS-000624-SHU,HVDC-ADOPT-SCT-0092,SHU,true,K,LS-000624,PASS,
DR-LS-000624-AGI,HVDC-ADOPT-SCT-0092,AGI,true,N,LS-000624,PASS,
DR-LS-000625-SHU,HVDC-ADOPT-SCT-0083,SHU,true,K,LS-000625,PASS,
DR-LS-000625-DAS,HVDC-ADOPT-SCT-0083,DAS,true,L,LS-000625,PASS,
DR-LS-000625-MIR,HVDC-ADOPT-SCT-0083,MIR,true,M,LS-000625,PASS,
DR-LS-000625-AGI,HVDC-ADOPT-SCT-0083,AGI,true,N,LS-000625,PASS,
DR-LS-000626-SHU,HVDC-ADOPT-SCT-0093,SHU,true,K,LS-000626,PASS,
DR-LS-000626-DAS,HVDC-ADOPT-SCT-0093,DAS,true,L,LS-000626,PASS,
DR-LS-000626-MIR,HVDC-ADOPT-SCT-0093,MIR,true,M,LS-000626,PASS,
DR-LS-000626-AGI,HVDC-ADOPT-SCT-0093,AGI,true,N,LS-000626,PASS,
DR-LS-000627-DAS,HVDC-ADOPT-SCT-0098,DAS,true,L,LS-000627,PASS,
DR-LS-000627-MIR,HVDC-ADOPT-SCT-0098,MIR,true,M,LS-000627,PASS,
DR-LS-000627-AGI,HVDC-ADOPT-SCT-0098,AGI,true,N,LS-000627,PASS,
DR-LS-000628-SHU,HVDC-ADOPT-SCT-0097-1,SHU,true,K,LS-000628,PASS,
DR-LS-000628-MIR,HVDC-ADOPT-SCT-0097-1,MIR,true,M,LS-000628,PASS,
DR-LS-000629-SHU,HVDC-ADOPT-SCT-0086,SHU,true,K,LS-000629,PASS,
DR-LS-000629-MIR,HVDC-ADOPT-SCT-0086,MIR,true,M,LS-000629,PASS,
DR-LS-000631-SHU,HVDC-ADOPT-HE-0364,SHU,true,K,LS-000631,PASS,
DR-LS-000631-MIR,HVDC-ADOPT-HE-0364,MIR,true,M,LS-000631,PASS,
DR-LS-000632-SHU,HVDC-ADOPT-HE-0365,SHU,true,K,LS-000632,PASS,
DR-LS-000632-MIR,HVDC-ADOPT-HE-0365,MIR,true,M,LS-000632,PASS,
DR-LS-000633-SHU,HVDC-ADOPT-HE-0366,SHU,true,K,LS-000633,PASS,
DR-LS-000633-AGI,HVDC-ADOPT-HE-0366,AGI,true,N,LS-000633,PASS,
DR-LS-000634-DAS,HVDC-ADOPT-HE-0411,DAS,true,L,LS-000634,PASS,
DR-LS-000635-SHU,HVDC-ADOPT-HE-0409,SHU,true,K,LS-000635,PASS,
DR-LS-000636-SHU,HVDC-ADOPT-HE-0410,SHU,true,K,LS-000636,PASS,
DR-LS-000637-SHU,HVDC-ADOPT-HE-0408,SHU,true,K,LS-000637,PASS,
DR-LS-000638-AGI,HVDC-ADOPT-SCT-0105,AGI,true,N,LS-000638,PASS,
DR-LS-000639-DAS,HVDC-ADOPT-HE-0412,DAS,true,L,LS-000639,PASS,
DR-LS-000640-AGI,HVDC-ADOPT-HE-0415,AGI,true,N,LS-000640,PASS,
DR-LS-000641-SHU,HVDC-ADOPT-HE-0417,SHU,true,K,LS-000641,PASS,
DR-LS-000642-AGI,HVDC-ADOPT-HE-0343,AGI,true,N,LS-000642,PASS,
DR-LS-000643-MIR,HVDC-ADOPT-HE-0342,MIR,true,M,LS-000643,PASS,
DR-LS-000644-SHU,HVDC-ADOPT-SCT-0096,SHU,true,K,LS-000644,PASS,
DR-LS-000644-DAS,HVDC-ADOPT-SCT-0096,DAS,true,L,LS-000644,PASS,
DR-LS-000644-MIR,HVDC-ADOPT-SCT-0096,MIR,true,M,LS-000644,PASS,
DR-LS-000644-AGI,HVDC-ADOPT-SCT-0096,AGI,true,N,LS-000644,PASS,
DR-LS-000645-SHU,HVDC-ADOPT-SCT-0095,SHU,true,K,LS-000645,PASS,
DR-LS-000646-SHU,HVDC-ADOPT-SCT-0094,SHU,true,K,LS-000646,PASS,
DR-LS-000646-DAS,HVDC-ADOPT-SCT-0094,DAS,true,L,LS-000646,PASS,
DR-LS-000646-MIR,HVDC-ADOPT-SCT-0094,MIR,true,M,LS-000646,PASS,
DR-LS-000646-AGI,HVDC-ADOPT-SCT-0094,AGI,true,N,LS-000646,PASS,
DR-LS-000647-DAS,HVDC-ADOPT-HE-0226,DAS,true,L,LS-000647,PASS,
DR-LS-000648-DAS,HVDC-ADOPT-HE-0227,DAS,true,L,LS-000648,PASS,
DR-LS-000649-DAS,HVDC-ADOPT-HE-0359,DAS,true,L,LS-000649,PASS,
DR-LS-000650-SHU,HVDC-ADOPT-SCT-0119,SHU,true,K,LS-000650,PASS,
DR-LS-000650-DAS,HVDC-ADOPT-SCT-0119,DAS,true,L,LS-000650,PASS,
DR-LS-000650-MIR,HVDC-ADOPT-SCT-0119,MIR,true,M,LS-000650,PASS,
DR-LS-000650-AGI,HVDC-ADOPT-SCT-0119,AGI,true,N,LS-000650,PASS,
DR-LS-000651-DAS,HVDC-ADOPT-HE-0352,DAS,true,L,LS-000651,PASS,
DR-LS-000651-AGI,HVDC-ADOPT-HE-0352,AGI,true,N,LS-000651,PASS,
DR-LS-000652-DAS,HVDC-ADOPT-HE-0353,DAS,true,L,LS-000652,PASS,
DR-LS-000652-AGI,HVDC-ADOPT-HE-0353,AGI,true,N,LS-000652,PASS,
DR-LS-000653-SHU,HVDC-ADOPT-HE-0418,SHU,true,K,LS-000653,PASS,
DR-LS-000654-SHU,HVDC-ADOPT-HE-0419,SHU,true,K,LS-000654,PASS,
DR-LS-000655-SHU,HVDC-ADOPT-SCT-0101,SHU,true,K,LS-000655,PASS,
DR-LS-000655-DAS,HVDC-ADOPT-SCT-0101,DAS,true,L,LS-000655,PASS,
DR-LS-000655-MIR,HVDC-ADOPT-SCT-0101,MIR,true,M,LS-000655,PASS,
DR-LS-000656-AGI,HVDC-ADOPT-SCT-0102,AGI,true,N,LS-000656,PASS,
DR-LS-000657-SHU,HVDC-ADOPT-SCT-0073,SHU,true,K,LS-000657,PASS,
DR-LS-000657-DAS,HVDC-ADOPT-SCT-0073,DAS,true,L,LS-000657,PASS,
DR-LS-000657-MIR,HVDC-ADOPT-SCT-0073,MIR,true,M,LS-000657,PASS,
DR-LS-000657-AGI,HVDC-ADOPT-SCT-0073,AGI,true,N,LS-000657,PASS,
DR-LS-000658-SHU,HVDC-ADOPT-SCT-0097-2,SHU,true,K,LS-000658,PASS,
DR-LS-000658-MIR,HVDC-ADOPT-SCT-0097-2,MIR,true,M,LS-000658,PASS,
DR-LS-000659-SHU,HVDC-ADOPT-HE-0442,SHU,true,K,LS-000659,PASS,
DR-LS-000660-AGI,HVDC-ADOPT-SIM-0079-A,AGI,true,N,LS-000660,PASS,
DR-LS-000661-DAS,HVDC-ADOPT-SIM-0079-B,DAS,true,L,LS-000661,PASS,
DR-LS-000662-AGI,HVDC-ADOPT-HE-0443,AGI,true,N,LS-000662,PASS,
DR-LS-000663-MIR,HVDC-ADOPT-HE-0444,MIR,true,M,LS-000663,PASS,
DR-LS-000664-SHU,HVDC-ADOPT-HE-0445,SHU,true,K,LS-000664,PASS,
DR-LS-000665-DAS,HVDC-ADOPT-HE-0446,DAS,true,L,LS-000665,PASS,
DR-LS-000666-SHU,HVDC-ADOPT-SCT-0110,SHU,true,K,LS-000666,PASS,
DR-LS-000666-MIR,HVDC-ADOPT-SCT-0110,MIR,true,M,LS-000666,PASS,
DR-LS-000667-MIR,HVDC-ADOPT-HE-0421,MIR,true,M,LS-000667,PASS,
DR-LS-000668-MIR,HVDC-ADOPT-HE-0422,MIR,true,M,LS-000668,PASS,
DR-LS-000669-DAS,HVDC-ADOPT-HE-0433,DAS,true,L,LS-000669,PASS,
DR-LS-000670-MIR,HVDC-ADOPT-HE-0447,MIR,true,M,LS-000670,PASS,
DR-LS-000671-MIR,HVDC-ADOPT-HE-0448,MIR,true,M,LS-000671,PASS,
DR-LS-000672-MIR,HVDC-ADOPT-HE-0382,MIR,true,M,LS-000672,PASS,
DR-LS-000672-AGI,HVDC-ADOPT-HE-0382,AGI,true,N,LS-000672,PASS,
DR-LS-000673-SHU,HVDC-ADOPT-SCT-0109,SHU,true,K,LS-000673,PASS,
DR-LS-000673-DAS,HVDC-ADOPT-SCT-0109,DAS,true,L,LS-000673,PASS,
DR-LS-000673-MIR,HVDC-ADOPT-SCT-0109,MIR,true,M,LS-000673,PASS,
DR-LS-000673-AGI,HVDC-ADOPT-SCT-0109,AGI,true,N,LS-000673,PASS,
DR-LS-000674-SHU,HVDC-ADOPT-SCT-0106,SHU,true,K,LS-000674,PASS,
DR-LS-000674-DAS,HVDC-ADOPT-SCT-0106,DAS,true,L,LS-000674,PASS,
DR-LS-000674-MIR,HVDC-ADOPT-SCT-0106,MIR,true,M,LS-000674,PASS,
DR-LS-000674-AGI,HVDC-ADOPT-SCT-0106,AGI,true,N,LS-000674,PASS,
DR-LS-000675-SHU,HVDC-ADOPT-HE-0449,SHU,true,K,LS-000675,PASS,
DR-LS-000676-SHU,HVDC-ADOPT-HE-0453,SHU,true,K,LS-000676,PASS,
DR-LS-000677-SHU,HVDC-ADOPT-SIM-0088,SHU,true,K,LS-000677,PASS,
DR-LS-000677-DAS,HVDC-ADOPT-SIM-0088,DAS,true,L,LS-000677,PASS,
DR-LS-000677-MIR,HVDC-ADOPT-SIM-0088,MIR,true,M,LS-000677,PASS,
DR-LS-000677-AGI,HVDC-ADOPT-SIM-0088,AGI,true,N,LS-000677,PASS,
DR-LS-000678-AGI,HVDC-ADOPT-HE-0461,AGI,true,N,LS-000678,PASS,
DR-LS-000679-DAS,HVDC-ADOPT-HE-0462,DAS,true,L,LS-000679,PASS,
DR-LS-000680-SHU,HVDC-ADOPT-HE-0463,SHU,true,K,LS-000680,PASS,
DR-LS-000681-SHU,HVDC-ADOPT-HE-0455,SHU,true,K,LS-000681,PASS,
DR-LS-000683-SHU,HVDC-ADOPT-SCT-0113,SHU,true,K,LS-000683,PASS,
DR-LS-000683-MIR,HVDC-ADOPT-SCT-0113,MIR,true,M,LS-000683,PASS,
DR-LS-000684-SHU,HVDC-ADOPT-SCT-0115,SHU,true,K,LS-000684,PASS,
DR-LS-000684-DAS,HVDC-ADOPT-SCT-0115,DAS,true,L,LS-000684,PASS,
DR-LS-000684-MIR,HVDC-ADOPT-SCT-0115,MIR,true,M,LS-000684,PASS,
DR-LS-000684-AGI,HVDC-ADOPT-SCT-0115,AGI,true,N,LS-000684,PASS,
DR-LS-000685-SHU,HVDC-ADOPT-SCT-0112,SHU,true,K,LS-000685,PASS,
DR-LS-000685-MIR,HVDC-ADOPT-SCT-0112,MIR,true,M,LS-000685,PASS,
DR-LS-000686-DAS,HVDC-ADOPT-HE-0469,DAS,true,L,LS-000686,PASS,
DR-LS-000687-MIR,HVDC-ADOPT-HE-0456,MIR,true,M,LS-000687,PASS,
DR-LS-000688-DAS,HVDC-ADOPT-HE-0457,DAS,true,L,LS-000688,PASS,
DR-LS-000689-AGI,HVDC-ADOPT-HE-0458,AGI,true,N,LS-000689,PASS,
DR-LS-000690-SHU,HVDC-ADOPT-SCT-0117,SHU,true,K,LS-000690,PASS,
DR-LS-000690-DAS,HVDC-ADOPT-SCT-0117,DAS,true,L,LS-000690,PASS,
DR-LS-000690-MIR,HVDC-ADOPT-SCT-0117,MIR,true,M,LS-000690,PASS,
DR-LS-000690-AGI,HVDC-ADOPT-SCT-0117,AGI,true,N,LS-000690,PASS,
DR-LS-000691-AGI,HVDC-ADOPT-SCT-0118,AGI,true,N,LS-000691,PASS,
DR-LS-000692-DAS,HVDC-ADOPT-SCT-0107,DAS,true,L,LS-000692,PASS,
DR-LS-000692-AGI,HVDC-ADOPT-SCT-0107,AGI,true,N,LS-000692,PASS,
DR-LS-000693-SHU,HVDC-ADOPT-SCT-0114,SHU,true,K,LS-000693,PASS,
DR-LS-000693-MIR,HVDC-ADOPT-SCT-0114,MIR,true,M,LS-000693,PASS,
DR-LS-000694-AGI,HVDC-ADOPT-HE-0380,AGI,true,N,LS-000694,PASS,
DR-LS-000695-AGI,HVDC-ADOPT-HE-0381,AGI,true,N,LS-000695,PASS,
DR-LS-000696-AGI,HVDC-ADOPT-HE-0385-2,AGI,true,N,LS-000696,PASS,
DR-LS-000697-SHU,HVDC-ADOPT-HE-0387-2,SHU,true,K,LS-000697,PASS,
DR-LS-000698-MIR,HVDC-ADOPT-HE-0378,MIR,true,M,LS-000698,PASS,
DR-LS-000699-MIR,HVDC-ADOPT-HE-0379,MIR,true,M,LS-000699,PASS,
DR-LS-000700-DAS,HVDC-ADOPT-HE-0383,DAS,true,L,LS-000700,PASS,
DR-LS-000701-DAS,HVDC-ADOPT-HE-0384,DAS,true,L,LS-000701,PASS,
DR-LS-000702-AGI,HVDC-ADOPT-HE-0385-1,AGI,true,N,LS-000702,PASS,
DR-LS-000703-AGI,HVDC-ADOPT-HE-0386,AGI,true,N,LS-000703,PASS,
DR-LS-000704-SHU,HVDC-ADOPT-HE-0387-1,SHU,true,K,LS-000704,PASS,
DR-LS-000705-SHU,HVDC-ADOPT-HE-0388,SHU,true,K,LS-000705,PASS,
DR-LS-000706-SHU,HVDC-ADOPT-HE-0389,SHU,true,K,LS-000706,PASS,
DR-LS-000707-SHU,HVDC-ADOPT-HE-0390,SHU,true,K,LS-000707,PASS,
DR-LS-000708-MIR,HVDC-ADOPT-HE-0391,MIR,true,M,LS-000708,PASS,
DR-LS-000709-MIR,HVDC-ADOPT-HE-0392,MIR,true,M,LS-000709,PASS,
DR-LS-000710-AGI,HVDC-ADOPT-HE-0393,AGI,true,N,LS-000710,PASS,
DR-LS-000711-AGI,HVDC-ADOPT-HE-0394,AGI,true,N,LS-000711,PASS,
DR-LS-000712-DAS,HVDC-ADOPT-HE-0400,DAS,true,L,LS-000712,PASS,
DR-LS-000712-MIR,HVDC-ADOPT-HE-0400,MIR,true,M,LS-000712,PASS,
DR-LS-000712-AGI,HVDC-ADOPT-HE-0400,AGI,true,N,LS-000712,PASS,
DR-LS-000713-SHU,HVDC-ADOPT-HE-0362,SHU,true,K,LS-000713,PASS,
DR-LS-000713-DAS,HVDC-ADOPT-HE-0362,DAS,true,L,LS-000713,PASS,
DR-LS-000713-MIR,HVDC-ADOPT-HE-0362,MIR,true,M,LS-000713,PASS,
DR-LS-000713-AGI,HVDC-ADOPT-HE-0362,AGI,true,N,LS-000713,PASS,
DR-LS-000714-MIR,HVDC-ADOPT-HE-0374,MIR,true,M,LS-000714,PASS,
DR-LS-000715-DAS,HVDC-ADOPT-HE-0376,DAS,true,L,LS-000715,PASS,
DR-LS-000716-MIR,HVDC-ADOPT-HE-0377,MIR,true,M,LS-000716,PASS,
DR-LS-000717-SHU,HVDC-ADOPT-SCT-0125,SHU,true,K,LS-000717,PASS,
DR-LS-000718-SHU,HVDC-ADOPT-SCT-0120,SHU,true,K,LS-000718,PASS,
DR-LS-000718-MIR,HVDC-ADOPT-SCT-0120,MIR,true,M,LS-000718,PASS,
DR-LS-000719-SHU,HVDC-ADOPT-SCT-0129,SHU,true,K,LS-000719,PASS,
DR-LS-000719-DAS,HVDC-ADOPT-SCT-0129,DAS,true,L,LS-000719,PASS,
DR-LS-000719-MIR,HVDC-ADOPT-SCT-0129,MIR,true,M,LS-000719,PASS,
DR-LS-000719-AGI,HVDC-ADOPT-SCT-0129,AGI,true,N,LS-000719,PASS,
DR-LS-000720-DAS,HVDC-ADOPT-HE-0480,DAS,true,L,LS-000720,PASS,
DR-LS-000721-SHU,HVDC-ADOPT-SCT-0121,SHU,true,K,LS-000721,PASS,
DR-LS-000721-DAS,HVDC-ADOPT-SCT-0121,DAS,true,L,LS-000721,PASS,
DR-LS-000721-MIR,HVDC-ADOPT-SCT-0121,MIR,true,M,LS-000721,PASS,
DR-LS-000721-AGI,HVDC-ADOPT-SCT-0121,AGI,true,N,LS-000721,PASS,
DR-LS-000722-MIR,HVDC-ADOPT-SIM-0094,MIR,true,M,LS-000722,PASS,
DR-LS-000722-AGI,HVDC-ADOPT-SIM-0094,AGI,true,N,LS-000722,PASS,
DR-LS-000723-DAS,HVDC-ADOPT-HE-0420,DAS,true,L,LS-000723,PASS,
DR-LS-000723-AGI,HVDC-ADOPT-HE-0420,AGI,true,N,LS-000723,PASS,
DR-LS-000724-MIR,HVDC-ADOPT-HE-0423,MIR,true,M,LS-000724,PASS,
DR-LS-000725-SHU,HVDC-ADOPT-HE-0424,SHU,true,K,LS-000725,PASS,
DR-LS-000726-MIR,HVDC-ADOPT-HE-0395,MIR,true,M,LS-000726,PASS,
DR-LS-000727-DAS,HVDC-ADOPT-HE-0396,DAS,true,L,LS-000727,PASS,
DR-LS-000728-AGI,HVDC-ADOPT-HE-0397,AGI,true,N,LS-000728,PASS,
DR-LS-000729-AGI,HVDC-ADOPT-HE-0413,AGI,true,N,LS-000729,PASS,
DR-LS-000730-SHU,HVDC-ADOPT-HE-0414,SHU,true,K,LS-000730,PASS,
DR-LS-000730-MIR,HVDC-ADOPT-HE-0414,MIR,true,M,LS-000730,PASS,
DR-LS-000730-AGI,HVDC-ADOPT-HE-0414,AGI,true,N,LS-000730,PASS,
DR-LS-000731-SHU,HVDC-ADOPT-HE-0477-1,SHU,true,K,LS-000731,PASS,
DR-LS-000732-MIR,HVDC-ADOPT-HE-0434,MIR,true,M,LS-000732,PASS,
DR-LS-000733-DAS,HVDC-ADOPT-HE-0435,DAS,true,L,LS-000733,PASS,
DR-LS-000734-MIR,HVDC-ADOPT-HE-0436,MIR,true,M,LS-000734,PASS,
DR-LS-000735-AGI,HVDC-ADOPT-HE-0429,AGI,true,N,LS-000735,PASS,
DR-LS-000736-SHU,HVDC-ADOPT-HE-0430,SHU,true,K,LS-000736,PASS,
DR-LS-000736-DAS,HVDC-ADOPT-HE-0430,DAS,true,L,LS-000736,PASS,
DR-LS-000736-MIR,HVDC-ADOPT-HE-0430,MIR,true,M,LS-000736,PASS,
DR-LS-000736-AGI,HVDC-ADOPT-HE-0430,AGI,true,N,LS-000736,PASS,
DR-LS-000737-MIR,HVDC-ADOPT-HE-0431,MIR,true,M,LS-000737,PASS,
DR-LS-000738-SHU,HVDC-ADOPT-SCT-0130,SHU,true,K,LS-000738,PASS,
DR-LS-000738-DAS,HVDC-ADOPT-SCT-0130,DAS,true,L,LS-000738,PASS,
DR-LS-000738-MIR,HVDC-ADOPT-SCT-0130,MIR,true,M,LS-000738,PASS,
DR-LS-000738-AGI,HVDC-ADOPT-SCT-0130,AGI,true,N,LS-000738,PASS,
DR-LS-000739-SHU,HVDC-ADOPT-HE-0493,SHU,true,K,LS-000739,PASS,
DR-LS-000739-DAS,HVDC-ADOPT-HE-0493,DAS,true,L,LS-000739,PASS,
DR-LS-000739-MIR,HVDC-ADOPT-HE-0493,MIR,true,M,LS-000739,PASS,
DR-LS-000739-AGI,HVDC-ADOPT-HE-0493,AGI,true,N,LS-000739,PASS,
DR-LS-000740-SHU,HVDC-ADOPT-SCT-0108,SHU,true,K,LS-000740,PASS,
DR-LS-000740-DAS,HVDC-ADOPT-SCT-0108,DAS,true,L,LS-000740,PASS,
DR-LS-000740-MIR,HVDC-ADOPT-SCT-0108,MIR,true,M,LS-000740,PASS,
DR-LS-000740-AGI,HVDC-ADOPT-SCT-0108,AGI,true,N,LS-000740,PASS,
DR-LS-000741-SHU,HVDC-ADOPT-HE-0477-2,SHU,true,K,LS-000741,PASS,
DR-LS-000742-AGI,HVDC-ADOPT-HE-0438,AGI,true,N,LS-000742,PASS,
DR-LS-000743-AGI,HVDC-ADOPT-HE-0439,AGI,true,N,LS-000743,PASS,
DR-LS-000744-AGI,HVDC-ADOPT-HE-0440,AGI,true,N,LS-000744,PASS,
DR-LS-000745-AGI,HVDC-ADOPT-HE-0441,AGI,true,N,LS-000745,PASS,
DR-LS-000746-SHU,HVDC-ADOPT-HE-0454,SHU,true,K,LS-000746,PASS,
DR-LS-000746-DAS,HVDC-ADOPT-HE-0454,DAS,true,L,LS-000746,PASS,
DR-LS-000747-SHU,HVDC-ADOPT-HE-0482,SHU,true,K,LS-000747,PASS,
DR-LS-000747-DAS,HVDC-ADOPT-HE-0482,DAS,true,L,LS-000747,PASS,
DR-LS-000748-SHU,HVDC-ADOPT-SCT-0126,SHU,true,K,LS-000748,PASS,
DR-LS-000748-DAS,HVDC-ADOPT-SCT-0126,DAS,true,L,LS-000748,PASS,
DR-LS-000748-MIR,HVDC-ADOPT-SCT-0126,MIR,true,M,LS-000748,PASS,
DR-LS-000748-AGI,HVDC-ADOPT-SCT-0126,AGI,true,N,LS-000748,PASS,
DR-LS-000749-MIR,HVDC-ADOPT-HE-0471,MIR,true,M,LS-000749,PASS,
DR-LS-000750-MIR,HVDC-ADOPT-HE-0472,MIR,true,M,LS-000750,PASS,
DR-LS-000751-MIR,HVDC-ADOPT-HE-0473,MIR,true,M,LS-000751,PASS,
DR-LS-000752-AGI,HVDC-ADOPT-HE-0487,AGI,true,N,LS-000752,PASS,
DR-LS-000753-MIR,HVDC-ADOPT-HE-0488,MIR,true,M,LS-000753,PASS,
DR-LS-000754-AGI,HVDC-ADOPT-HE-0495,AGI,true,N,LS-000754,PASS,
DR-LS-000755-MIR,HVDC-ADOPT-HE-0496,MIR,true,M,LS-000755,PASS,
DR-LS-000756-SHU,HVDC-ADOPT-SCT-0131,SHU,true,K,LS-000756,PASS,
DR-LS-000756-DAS,HVDC-ADOPT-SCT-0131,DAS,true,L,LS-000756,PASS,
DR-LS-000757-MIR,HVDC-ADOPT-HE-0460,MIR,true,M,LS-000757,PASS,
DR-LS-000758-SHU,HVDC-ADOPT-HE-0450,SHU,true,K,LS-000758,PASS,
DR-LS-000759-MIR,HVDC-ADOPT-HE-0459,MIR,true,M,LS-000759,PASS,
DR-LS-000760-SHU,HVDC-ADOPT-SCT-0122,SHU,true,K,LS-000760,PASS,
DR-LS-000760-DAS,HVDC-ADOPT-SCT-0122,DAS,true,L,LS-000760,PASS,
DR-LS-000760-MIR,HVDC-ADOPT-SCT-0122,MIR,true,M,LS-000760,PASS,
DR-LS-000760-AGI,HVDC-ADOPT-SCT-0122,AGI,true,N,LS-000760,PASS,
DR-LS-000761-DAS,HVDC-ADOPT-HE-0464,DAS,true,L,LS-000761,PASS,
DR-LS-000762-MIR,HVDC-ADOPT-HE-0465,MIR,true,M,LS-000762,PASS,
DR-LS-000763-AGI,HVDC-ADOPT-HE-0470,AGI,true,N,LS-000763,PASS,
DR-LS-000764-AGI,HVDC-ADOPT-SCT-0127,AGI,true,N,LS-000764,PASS,
DR-LS-000765-DAS,HVDC-ADOPT-HE-0497,DAS,true,L,LS-000765,PASS,
DR-LS-000766-SHU,HVDC-ADOPT-HE-0466,SHU,true,K,LS-000766,PASS,
DR-LS-000767-DAS,HVDC-ADOPT-HE-0467,DAS,true,L,LS-000767,PASS,
DR-LS-000767-AGI,HVDC-ADOPT-HE-0467,AGI,true,N,LS-000767,PASS,
DR-LS-000768-MIR,HVDC-ADOPT-HE-0468,MIR,true,M,LS-000768,PASS,
DR-LS-000769-SHU,HVDC-ADOPT-HE-0499,SHU,true,K,LS-000769,PASS,
DR-LS-000770-DAS,HVDC-ADOPT-HE-0499,DAS,true,L,LS-000770,PASS,
DR-LS-000771-MIR,HVDC-ADOPT-HE-0437,MIR,true,M,LS-000771,PASS,
DR-LS-000772-AGI,HVDC-ADOPT-HE-0438-2,AGI,true,N,LS-000772,PASS,
DR-LS-000773-AGI,HVDC-ADOPT-HE-0439-2,AGI,true,N,LS-000773,PASS,
DR-LS-000774-AGI,HVDC-ADOPT-HE-0440-2,AGI,true,N,LS-000774,PASS,
DR-LS-000775-AGI,HVDC-ADOPT-HE-0441-2,AGI,true,N,LS-000775,PASS,
DR-LS-000776-DAS,HVDC-ADOPT-HE-0500,DAS,true,L,LS-000776,PASS,
DR-LS-000776-MIR,HVDC-ADOPT-HE-0500,MIR,true,M,LS-000776,PASS,
DR-LS-000777-SHU,HVDC-ADOPT-HE-0425,SHU,true,K,LS-000777,PASS,
DR-LS-000778-SHU,HVDC-ADOPT-HE-0426,SHU,true,K,LS-000778,PASS,
DR-LS-000779-MIR,HVDC-ADOPT-HE-0427,MIR,true,M,LS-000779,PASS,
DR-LS-000780-MIR,HVDC-ADOPT-HE-0428,MIR,true,M,LS-000780,PASS,
DR-LS-000781-MIR,HVDC-ADOPT-SCT-0123,MIR,true,M,LS-000781,PASS,
DR-LS-000782-SHU,HVDC-ADOPT-SCT-0124,SHU,true,K,LS-000782,PASS,
DR-LS-000782-DAS,HVDC-ADOPT-SCT-0124,DAS,true,L,LS-000782,PASS,
DR-LS-000782-MIR,HVDC-ADOPT-SCT-0124,MIR,true,M,LS-000782,PASS,
DR-LS-000782-AGI,HVDC-ADOPT-SCT-0124,AGI,true,N,LS-000782,PASS,
DR-LS-000783-MIR,HVDC-ADOPT-HE-0475,MIR,true,M,LS-000783,PASS,
DR-LS-000784-DAS,HVDC-ADOPT-HE-0499-2,DAS,true,L,LS-000784,PASS,
DR-LS-000785-MIR,HVDC-ADOPT-HE-0498,MIR,true,M,LS-000785,PASS,
DR-LS-000786-SHU,HVDC-ADOPT-HE-0501,SHU,true,K,LS-000786,PASS,
DR-LS-000787-MIR,HVDC-ADOPT-HE-0502,MIR,true,M,LS-000787,PASS,
DR-LS-000788-SHU,HVDC-ADOPT-SIM-0092,SHU,true,K,LS-000788,PASS,
DR-LS-000788-MIR,HVDC-ADOPT-SIM-0092,MIR,true,M,LS-000788,PASS,
DR-LS-000789-SHU,HVDC-ADOPT-SCT-0134,SHU,true,K,LS-000789,PASS,
DR-LS-000789-DAS,HVDC-ADOPT-SCT-0134,DAS,true,L,LS-000789,PASS,
DR-LS-000789-MIR,HVDC-ADOPT-SCT-0134,MIR,true,M,LS-000789,PASS,
DR-LS-000789-AGI,HVDC-ADOPT-SCT-0134,AGI,true,N,LS-000789,PASS,
DR-LS-000791-AGI,HVDC-ADOPT-HE-0504,AGI,true,N,LS-000791,PASS,
DR-LS-000792-MIR,HVDC-ADOPT-SIM-0099,MIR,true,M,LS-000792,PASS,
DR-LS-000792-AGI,HVDC-ADOPT-SIM-0099,AGI,true,N,LS-000792,PASS,
DR-LS-000793-DAS,HVDC-ADOPT-SCT-0137,DAS,true,L,LS-000793,PASS,
DR-LS-000793-MIR,HVDC-ADOPT-SCT-0137,MIR,true,M,LS-000793,PASS,
DR-LS-000794-DAS,HVDC-ADOPT-HE-0508,DAS,true,L,LS-000794,PASS,
DR-LS-000795-SHU,HVDC-ADOPT-SCT-0136,SHU,true,K,LS-000795,PASS,
DR-LS-000795-DAS,HVDC-ADOPT-SCT-0136,DAS,true,L,LS-000795,PASS,
DR-LS-000795-MIR,HVDC-ADOPT-SCT-0136,MIR,true,M,LS-000795,PASS,
DR-LS-000796-SHU,HVDC-ADOPT-HE-0509,SHU,true,K,LS-000796,PASS,
DR-LS-000796-DAS,HVDC-ADOPT-HE-0509,DAS,true,L,LS-000796,PASS,
DR-LS-000797-DAS,HVDC-ADOPT-HE-0484,DAS,true,L,LS-000797,PASS,
DR-LS-000798-DAS,HVDC-ADOPT-HE-0451,DAS,true,L,LS-000798,PASS,
DR-LS-000799-SHU,HVDC-ADOPT-HE-0452,SHU,true,K,LS-000799,PASS,
DR-LS-000800-SHU,HVDC-ADOPT-HE-0476,SHU,true,K,LS-000800,PASS,
DR-LS-000801-DAS,HVDC-ADOPT-SCT-0139,DAS,true,L,LS-000801,PASS,
DR-LS-000802-SHU,HVDC-ADOPT-SCT-0141,SHU,true,K,LS-000802,PASS,
DR-LS-000802-DAS,HVDC-ADOPT-SCT-0141,DAS,true,L,LS-000802,PASS,
DR-LS-000802-AGI,HVDC-ADOPT-SCT-0141,AGI,true,N,LS-000802,PASS,
DR-LS-000803-SHU,HVDC-ADOPT-SCT-0133,SHU,true,K,LS-000803,PASS,
DR-LS-000804-DAS,HVDC-ADOPT-HE-0483,DAS,true,L,LS-000804,PASS,
DR-LS-000805-MIR,HVDC-ADOPT-HE-0510,MIR,true,M,LS-000805,PASS,
DR-LS-000806-AGI,HVDC-ADOPT-HE-0511,AGI,true,N,LS-000806,PASS,
DR-LS-000808-DAS,HVDC-ADOPT-HE-0485,DAS,true,L,LS-000808,PASS,
DR-LS-000809-SHU,HVDC-ADOPT-SIM-0103,SHU,true,K,LS-000809,PASS,
DR-LS-000810-MIR,HVDC-ADOPT-SIM-0102,MIR,true,M,LS-000810,PASS,
DR-LS-000811-SHU,HVDC-ADOPT-HE-0499-1,SHU,true,K,LS-000811,PASS,
DR-LS-000812-MIR,HVDC-ADOPT-HE-0517,MIR,true,M,LS-000812,PASS,
DR-LS-000813-SHU,HVDC-ADOPT-SCT-0145,SHU,true,K,LS-000813,PASS,
DR-LS-000813-AGI,HVDC-ADOPT-SCT-0145,AGI,true,N,LS-000813,PASS,
DR-LS-000814-AGI,HVDC-ADOPT-HE-0516,AGI,true,N,LS-000814,PASS,
DR-LS-000815-SHU,HVDC-ADOPT-SCT-0148,SHU,true,K,LS-000815,PASS,
DR-LS-000815-DAS,HVDC-ADOPT-SCT-0148,DAS,true,L,LS-000815,PASS,
DR-LS-000815-MIR,HVDC-ADOPT-SCT-0148,MIR,true,M,LS-000815,PASS,
DR-LS-000815-AGI,HVDC-ADOPT-SCT-0148,AGI,true,N,LS-000815,PASS,
DR-LS-000816-DAS,HVDC-ADOPT-HE-0486,DAS,true,L,LS-000816,PASS,
DR-LS-000817-DAS,HVDC-ADOPT-SCT-0147,DAS,true,L,LS-000817,PASS,
DR-LS-000817-AGI,HVDC-ADOPT-SCT-0147,AGI,true,N,LS-000817,PASS,
DR-LS-000818-MIR,HVDC-ADOPT-SCT-0128,MIR,true,M,LS-000818,PASS,
DR-LS-000818-AGI,HVDC-ADOPT-SCT-0128,AGI,true,N,LS-000818,PASS,
DR-LS-000819-DAS,HVDC-ADOPT-HE-0518,DAS,true,L,LS-000819,PASS,
DR-LS-000820-SHU,HVDC-ADOPT-SCT-0132,SHU,true,K,LS-000820,PASS,
DR-LS-000820-DAS,HVDC-ADOPT-SCT-0132,DAS,true,L,LS-000820,PASS,
DR-LS-000820-MIR,HVDC-ADOPT-SCT-0132,MIR,true,M,LS-000820,PASS,
DR-LS-000820-AGI,HVDC-ADOPT-SCT-0132,AGI,true,N,LS-000820,PASS,
DR-LS-000821-MIR,HVDC-ADOPT-SCT-0149,MIR,true,M,LS-000821,PASS,
DR-LS-000822-AGI,HVDC-ADOPT-SCT-0150,AGI,true,N,LS-000822,PASS,
DR-LS-000823-SHU,HVDC-ADOPT-SCT-0135,SHU,true,K,LS-000823,PASS,
DR-LS-000823-DAS,HVDC-ADOPT-SCT-0135,DAS,true,L,LS-000823,PASS,
DR-LS-000823-MIR,HVDC-ADOPT-SCT-0135,MIR,true,M,LS-000823,PASS,
DR-LS-000823-AGI,HVDC-ADOPT-SCT-0135,AGI,true,N,LS-000823,PASS,
DR-LS-000824-MIR,HVDC-ADOPT-HE-0499-5,MIR,true,M,LS-000824,PASS,
DR-LS-000825-AGI,HVDC-ADOPT-HE-0499-6,AGI,true,N,LS-000825,PASS,
DR-LS-000826-SHU,HVDC-ADOPT-SIM-0095,SHU,true,K,LS-000826,PASS,
DR-LS-000826-DAS,HVDC-ADOPT-SIM-0095,DAS,true,L,LS-000826,PASS,
DR-LS-000826-MIR,HVDC-ADOPT-SIM-0095,MIR,true,M,LS-000826,PASS,
DR-LS-000826-AGI,HVDC-ADOPT-SIM-0095,AGI,true,N,LS-000826,PASS,
DR-LS-000827-DAS,HVDC-ADOPT-SCT-0138,DAS,true,L,LS-000827,PASS,
DR-LS-000827-AGI,HVDC-ADOPT-SCT-0138,AGI,true,N,LS-000827,PASS,
DR-LS-000828-MIR,HVDC-ADOPT-HE-0505,MIR,true,M,LS-000828,PASS,
DR-LS-000829-DAS,HVDC-ADOPT-HE-0506,DAS,true,L,LS-000829,PASS,
DR-LS-000829-AGI,HVDC-ADOPT-HE-0506,AGI,true,N,LS-000829,PASS,
DR-LS-000830-SHU,HVDC-ADOPT-HE-0507,SHU,true,K,LS-000830,PASS,
DR-LS-000831-SHU,HVDC-ADOPT-SCT-0152,SHU,true,K,LS-000831,PASS,
DR-LS-000831-DAS,HVDC-ADOPT-SCT-0152,DAS,true,L,LS-000831,PASS,
DR-LS-000831-MIR,HVDC-ADOPT-SCT-0152,MIR,true,M,LS-000831,PASS,
DR-LS-000831-AGI,HVDC-ADOPT-SCT-0152,AGI,true,N,LS-000831,PASS,
DR-LS-000832-SHU,HVDC-ADOPT-SCT-0156,SHU,true,K,LS-000832,PASS,
DR-LS-000832-DAS,HVDC-ADOPT-SCT-0156,DAS,true,L,LS-000832,PASS,
DR-LS-000832-MIR,HVDC-ADOPT-SCT-0156,MIR,true,M,LS-000832,PASS,
DR-LS-000832-AGI,HVDC-ADOPT-SCT-0156,AGI,true,N,LS-000832,PASS,
DR-LS-000833-SHU,HVDC-ADOPT-SCT-0157,SHU,true,K,LS-000833,PASS,
DR-LS-000833-DAS,HVDC-ADOPT-SCT-0157,DAS,true,L,LS-000833,PASS,
DR-LS-000833-MIR,HVDC-ADOPT-SCT-0157,MIR,true,M,LS-000833,PASS,
DR-LS-000833-AGI,HVDC-ADOPT-SCT-0157,AGI,true,N,LS-000833,PASS,
DR-LS-000836-MIR,HVDC-ADOPT-HE-0527,MIR,true,M,LS-000836,PASS,
DR-LS-000837-SHU,HVDC-ADOPT-HE-0529,SHU,true,K,LS-000837,PASS,
DR-LS-000838-DAS,HVDC-ADOPT-HE-0530,DAS,true,L,LS-000838,PASS,
DR-LS-000839-SHU,HVDC-ADOPT-SCT-0140,SHU,true,K,LS-000839,PASS,
DR-LS-000839-DAS,HVDC-ADOPT-SCT-0140,DAS,true,L,LS-000839,PASS,
DR-LS-000839-MIR,HVDC-ADOPT-SCT-0140,MIR,true,M,LS-000839,PASS,
DR-LS-000839-AGI,HVDC-ADOPT-SCT-0140,AGI,true,N,LS-000839,PASS,
DR-LS-000840-MIR,HVDC-ADOPT-SCT-0142,MIR,true,M,LS-000840,PASS,
DR-LS-000840-AGI,HVDC-ADOPT-SCT-0142,AGI,true,N,LS-000840,PASS,
DR-LS-000841-AGI,HVDC-ADOPT-HE-0531,AGI,true,N,LS-000841,PASS,
DR-LS-000842-MIR,HVDC-ADOPT-HE-0528,MIR,true,M,LS-000842,PASS,
DR-LS-000843-DAS,HVDC-ADOPT-HE-0532,DAS,true,L,LS-000843,PASS,
DR-LS-000844-SHU,HVDC-ADOPT-HE-0533,SHU,true,K,LS-000844,PASS,
DR-LS-000845-SHU,HVDC-ADOPT-SIM-0107,SHU,true,K,LS-000845,PASS,
DR-LS-000845-DAS,HVDC-ADOPT-SIM-0107,DAS,true,L,LS-000845,PASS,
DR-LS-000845-MIR,HVDC-ADOPT-SIM-0107,MIR,true,M,LS-000845,PASS,
DR-LS-000845-AGI,HVDC-ADOPT-SIM-0107,AGI,true,N,LS-000845,PASS,
DR-LS-000846-SHU,HVDC-ADOPT-SCT-0143,SHU,true,K,LS-000846,PASS,
DR-LS-000846-DAS,HVDC-ADOPT-SCT-0143,DAS,true,L,LS-000846,PASS,
DR-LS-000846-MIR,HVDC-ADOPT-SCT-0143,MIR,true,M,LS-000846,PASS,
DR-LS-000846-AGI,HVDC-ADOPT-SCT-0143,AGI,true,N,LS-000846,PASS,
DR-LS-000847-SHU,HVDC-ADOPT-SCT-0144,SHU,true,K,LS-000847,PASS,
DR-LS-000847-DAS,HVDC-ADOPT-SCT-0144,DAS,true,L,LS-000847,PASS,
DR-LS-000847-AGI,HVDC-ADOPT-SCT-0144,AGI,true,N,LS-000847,PASS,
DR-LS-000848-MIR,HVDC-ADOPT-HE-0512,MIR,true,M,LS-000848,PASS,
DR-LS-000849-DAS,HVDC-ADOPT-HE-0513,DAS,true,L,LS-000849,PASS,
DR-LS-000849-AGI,HVDC-ADOPT-HE-0513,AGI,true,N,LS-000849,PASS,
DR-LS-000850-SHU,HVDC-ADOPT-HE-0514,SHU,true,K,LS-000850,PASS,
DR-LS-000851-MIR,HVDC-ADOPT-HE-0515,MIR,true,M,LS-000851,PASS,
DR-LS-000852-AGI,HVDC-ADOPT-HE-0519,AGI,true,N,LS-000852,PASS,
DR-LS-000853-AGI,HVDC-ADOPT-SIM-0108,AGI,true,N,LS-000853,PASS,
DR-LS-000854-SHU,HVDC-ADOPT-HE-0538,SHU,true,K,LS-000854,PASS,
DR-LS-000855-SHU,HVDC-ADOPT-SCT-0154,SHU,true,K,LS-000855,PASS,
DR-LS-000855-MIR,HVDC-ADOPT-SCT-0154,MIR,true,M,LS-000855,PASS,
DR-LS-000856-DAS,HVDC-ADOPT-SCT-0146,DAS,true,L,LS-000856,PASS,
DR-LS-000857-SHU,HVDC-ADOPT-SCT-0151,SHU,true,K,LS-000857,PASS,
DR-LS-000857-DAS,HVDC-ADOPT-SCT-0151,DAS,true,L,LS-000857,PASS,
DR-LS-000857-MIR,HVDC-ADOPT-SCT-0151,MIR,true,M,LS-000857,PASS,
DR-LS-000857-AGI,HVDC-ADOPT-SCT-0151,AGI,true,N,LS-000857,PASS,
DR-LS-000858-DAS,HVDC-ADOPT-HE-0534,DAS,true,L,LS-000858,PASS,
DR-LS-000859-DAS,HVDC-ADOPT-HE-0520,DAS,true,L,LS-000859,PASS,
DR-LS-000859-AGI,HVDC-ADOPT-HE-0520,AGI,true,N,LS-000859,PASS,
DR-LS-000860-SHU,HVDC-ADOPT-HE-0521,SHU,true,K,LS-000860,PASS,
DR-LS-000861-MIR,HVDC-ADOPT-HE-0522,MIR,true,M,LS-000861,PASS,
DR-LS-000862-MIR,HVDC-ADOPT-HE-0499-12,MIR,true,M,LS-000862,PASS,
DR-LS-000863-SHU,HVDC-ADOPT-HE-0499-13,SHU,true,K,LS-000863,PASS,
DR-LS-000864-AGI,HVDC-ADOPT-HE-0499-10,AGI,true,N,LS-000864,PASS,
DR-LS-000865-DAS,HVDC-ADOPT-HE-0499-11,DAS,true,L,LS-000865,PASS,
DR-LS-000866-MIR,HVDC-ADOPT-HE-0537,MIR,true,M,LS-000866,PASS,
DR-LS-000867-MIR,HVDC-ADOPT-HE-0523,MIR,true,M,LS-000867,PASS,
DR-LS-000868-SHU,HVDC-ADOPT-HE-0524,SHU,true,K,LS-000868,PASS,
DR-LS-000869-DAS,HVDC-ADOPT-HE-0525,DAS,true,L,LS-000869,PASS,
DR-LS-000869-AGI,HVDC-ADOPT-HE-0525,AGI,true,N,LS-000869,PASS,
DR-LS-000870-DAS,HVDC-ADOPT-HE-0540,DAS,true,L,LS-000870,PASS,
DR-LS-000871-SHU,HVDC-ADOPT-SCT-0167,SHU,true,K,LS-000871,PASS,
DR-LS-000871-MIR,HVDC-ADOPT-SCT-0167,MIR,true,M,LS-000871,PASS,
DR-LS-000872-AGI,HVDC-ADOPT-HE-0499-8,AGI,true,N,LS-000872,PASS,
DR-LS-000873-SHU,HVDC-ADOPT-SIM-0109,SHU,true,K,LS-000873,PASS,
DR-LS-000875-AGI,HVDC-ADOPT-HE-0535,AGI,true,N,LS-000875,PASS,
DR-LS-000876-AGI,HVDC-ADOPT-HE-0536,AGI,true,N,LS-000876,PASS,
DR-LS-000877-DAS,HVDC-ADOPT-SCT-0159,DAS,true,L,LS-000877,PASS,
DR-LS-000877-AGI,HVDC-ADOPT-SCT-0159,AGI,true,N,LS-000877,PASS,
DR-LS-000878-DAS,HVDC-ADOPT-SCT-0169,DAS,true,L,LS-000878,PASS,
DR-LS-000879-SHU,HVDC-ADOPT-SCT-0172,SHU,true,K,LS-000879,PASS,
DR-LS-000879-DAS,HVDC-ADOPT-SCT-0172,DAS,true,L,LS-000879,PASS,
DR-LS-000879-MIR,HVDC-ADOPT-SCT-0172,MIR,true,M,LS-000879,PASS,
DR-LS-000880-SHU,HVDC-ADOPT-SCT-0176,SHU,true,K,LS-000880,PASS,
DR-LS-000880-DAS,HVDC-ADOPT-SCT-0176,DAS,true,L,LS-000880,PASS,
DR-LS-000880-MIR,HVDC-ADOPT-SCT-0176,MIR,true,M,LS-000880,PASS,
DR-LS-000880-AGI,HVDC-ADOPT-SCT-0176,AGI,true,N,LS-000880,PASS,
DR-LS-000881-AGI,HVDC-ADOPT-SCT-0155,AGI,true,N,LS-000881,PASS,
DR-LS-000882-MIR,HVDC-ADOPT-HE-0545,MIR,true,M,LS-000882,PASS,
DR-LS-000883-DAS,HVDC-ADOPT-HE-0546,DAS,true,L,LS-000883,PASS,
DR-LS-000884-SHU,HVDC-ADOPT-SCT-0177,SHU,true,K,LS-000884,PASS,
DR-LS-000884-DAS,HVDC-ADOPT-SCT-0177,DAS,true,L,LS-000884,PASS,
DR-LS-000884-MIR,HVDC-ADOPT-SCT-0177,MIR,true,M,LS-000884,PASS,
DR-LS-000884-AGI,HVDC-ADOPT-SCT-0177,AGI,true,N,LS-000884,PASS,
DR-LS-000885-AGI,HVDC-ADOPT-HE-0499-9,AGI,true,N,LS-000885,PASS,
DR-LS-000886-SHU,HVDC-ADOPT-HE-0556,SHU,true,K,LS-000886,PASS,
DR-LS-000887-DAS,HVDC-ADOPT-SCT-0179,DAS,true,L,LS-000887,PASS,
DR-LS-000887-AGI,HVDC-ADOPT-SCT-0179,AGI,true,N,LS-000887,PASS,
DR-LS-000888-SHU,HVDC-ADOPT-SCT-0180,SHU,true,K,LS-000888,PASS,
DR-LS-000888-DAS,HVDC-ADOPT-SCT-0180,DAS,true,L,LS-000888,PASS,
DR-LS-000888-MIR,HVDC-ADOPT-SCT-0180,MIR,true,M,LS-000888,PASS,
DR-LS-000888-AGI,HVDC-ADOPT-SCT-0180,AGI,true,N,LS-000888,PASS,
DR-LS-000889-SHU,HVDC-ADOPT-SCT-0171,SHU,true,K,LS-000889,PASS,
DR-LS-000889-MIR,HVDC-ADOPT-SCT-0171,MIR,true,M,LS-000889,PASS,
DR-LS-000890-AGI,HVDC-ADOPT-PPL-0023,AGI,true,N,LS-000890,PASS,
DR-LS-000891-DAS,HVDC-ADOPT-SCT-0182,DAS,true,L,LS-000891,PASS,
DR-LS-000891-AGI,HVDC-ADOPT-SCT-0182,AGI,true,N,LS-000891,PASS,
DR-LS-000892-MIR,HVDC-ADOPT-SCT-0187,MIR,true,M,LS-000892,PASS,
DR-LS-000893-SHU,HVDC-ADOPT-SCT-0166,SHU,true,K,LS-000893,PASS,
DR-LS-000893-DAS,HVDC-ADOPT-SCT-0166,DAS,true,L,LS-000893,PASS,
DR-LS-000893-MIR,HVDC-ADOPT-SCT-0166,MIR,true,M,LS-000893,PASS,
DR-LS-000893-AGI,HVDC-ADOPT-SCT-0166,AGI,true,N,LS-000893,PASS,
DR-LS-000894-AGI,HVDC-ADOPT-SCT-0183,AGI,true,N,LS-000894,PASS,
DR-LS-000895-SHU,HVDC-ADOPT-SCT-0181,SHU,true,K,LS-000895,PASS,
DR-LS-000895-MIR,HVDC-ADOPT-SCT-0181,MIR,true,M,LS-000895,PASS,
DR-LS-000896-AGI,HVDC-ADOPT-HE-0548,AGI,true,N,LS-000896,PASS,
DR-LS-000897-DAS,HVDC-ADOPT-HE-0552,DAS,true,L,LS-000897,PASS,
DR-LS-000897-AGI,HVDC-ADOPT-HE-0552,AGI,true,N,LS-000897,PASS,
DR-LS-000898-MIR,HVDC-ADOPT-HE-0553,MIR,true,M,LS-000898,PASS,
DR-LS-000899-SHU,HVDC-ADOPT-HE-0554,SHU,true,K,LS-000899,PASS,
DR-LS-000900-AGI,HVDC-ADOPT-HE-0555,AGI,true,N,LS-000900,PASS,
DR-LS-000901-SHU,HVDC-ADOPT-SCT-0184,SHU,true,K,LS-000901,PASS,
DR-LS-000902-SHU,HVDC-ADOPT-SCT-0188,SHU,true,K,LS-000902,PASS,
DR-LS-000902-DAS,HVDC-ADOPT-SCT-0188,DAS,true,L,LS-000902,PASS,
DR-LS-000902-MIR,HVDC-ADOPT-SCT-0188,MIR,true,M,LS-000902,PASS,
DR-LS-000902-AGI,HVDC-ADOPT-SCT-0188,AGI,true,N,LS-000902,PASS,
DR-LS-000903-DAS,HVDC-ADOPT-SCT-0185,DAS,true,L,LS-000903,PASS,
DR-LS-000903-AGI,HVDC-ADOPT-SCT-0185,AGI,true,N,LS-000903,PASS,
DR-LS-000904-SHU,HVDC-ADOPT-HE-0499-7,SHU,true,K,LS-000904,PASS,
DR-LS-000904-DAS,HVDC-ADOPT-HE-0499-7,DAS,true,L,LS-000904,PASS,
DR-LS-000904-MIR,HVDC-ADOPT-HE-0499-7,MIR,true,M,LS-000904,PASS,
DR-LS-000904-AGI,HVDC-ADOPT-HE-0499-7,AGI,true,N,LS-000904,PASS,
DR-LS-000905-DAS,HVDC-ADOPT-SCT-0189,DAS,true,L,LS-000905,PASS,
DR-LS-000906-DAS,HVDC-ADOPT-SCT-0186,DAS,true,L,LS-000906,PASS,
DR-LS-000906-AGI,HVDC-ADOPT-SCT-0186,AGI,true,N,LS-000906,PASS,
DR-LS-000907-SHU,HVDC-ADOPT-HE-0558,SHU,true,K,LS-000907,PASS,
DR-LS-000908-MIR,HVDC-ADOPT-HE-0559,MIR,true,M,LS-000908,PASS,
DR-LS-000909-DAS,HVDC-ADOPT-HE-0560,DAS,true,L,LS-000909,PASS,
DR-LS-000910-AGI,HVDC-ADOPT-SCT-0168,AGI,true,N,LS-000910,PASS,
DR-LS-000911-DAS,HVDC-ADOPT-SCT-0170,DAS,true,L,LS-000911,PASS,
DR-LS-000912-AGI,HVDC-ADOPT-SCT-0173,AGI,true,N,LS-000912,PASS,
DR-LS-000913-DAS,HVDC-ADOPT-SCT-0191,DAS,true,L,LS-000913,PASS,
DR-LS-000914-SHU,HVDC-ADOPT-SCT-0192,SHU,true,K,LS-000914,PASS,
DR-LS-000914-MIR,HVDC-ADOPT-SCT-0192,MIR,true,M,LS-000914,PASS,
DR-LS-000914-AGI,HVDC-ADOPT-SCT-0192,AGI,true,N,LS-000914,PASS,
DR-LS-000915-SHU,HVDC-ADOPT-SCT-0174,SHU,true,K,LS-000915,PASS,
DR-LS-000915-DAS,HVDC-ADOPT-SCT-0174,DAS,true,L,LS-000915,PASS,
DR-LS-000915-MIR,HVDC-ADOPT-SCT-0174,MIR,true,M,LS-000915,PASS,
DR-LS-000915-AGI,HVDC-ADOPT-SCT-0174,AGI,true,N,LS-000915,PASS,
DR-LS-000916-AGI,HVDC-ADOPT-HE-0557,AGI,true,N,LS-000916,PASS,
